100
6
0 1 2 6 7 8 
3
0 1 8 
10
0 1 2 3 4 22 23 24 25 26 
7
0 1 2 8 9 10 22 
1
6 
7
0 1 2 10 11 12 23 
7
0 1 2 7 8 9 29 
1
2 
9
0 1 2 3 14 15 16 17 27 
1
5 
3
0 3 15 
6
0 1 2 15 16 17 
10
0 1 2 3 4 7 8 9 10 11 
6
0 1 2 14 15 16 
6
0 1 2 4 5 6 
4
0 1 14 15 
1
0 
6
0 1 2 13 14 15 
8
0 1 2 3 15 16 17 18 
10
0 1 2 3 4 14 15 16 17 18 
10
0 1 2 3 4 10 11 12 13 14 
9
0 1 2 3 23 24 25 26 35 
9
0 1 2 3 5 6 7 8 18 
1
6 
2
0 4 
1
8 
6
0 1 2 22 23 24 
2
0 11 
4
0 1 20 21 
5
0 1 20 21 24 
5
0 1 20 21 39 
7
0 1 2 20 21 22 23 
9
0 1 2 3 10 11 12 13 16 
4
0 1 8 9 
4
0 1 15 16 
5
0 1 17 18 21 
6
0 1 2 16 17 18 
5
0 1 2 3 7 
5
0 1 17 18 34 
6
0 1 2 8 9 10 
1
13 
10
0 1 2 3 4 13 14 15 16 17 
8
0 1 2 3 9 10 11 12 
9
0 1 2 3 8 9 10 11 24 
7
0 1 2 8 9 10 11 
5
0 1 9 10 16 
4
0 1 2 3 
10
0 1 2 3 4 22 23 24 25 26 
8
0 1 2 3 17 18 19 20 
5
0 1 3 4 14 
5
0 1 18 19 34 
2
0 4 
10
0 1 2 3 4 12 13 14 15 16 
4
0 1 17 18 
7
0 1 2 4 5 6 9 
3
0 1 21 
7
0 1 2 11 12 13 18 
7
0 1 2 5 6 7 11 
4
0 1 17 18 
6
0 1 2 5 6 7 
6
0 1 2 6 7 8 
7
0 1 2 14 15 16 33 
8
0 1 2 3 22 23 24 25 
5
0 1 13 14 34 
9
0 1 2 3 17 18 19 20 39 
2
0 9 
6
0 1 2 18 19 20 
3
0 10 18 
4
0 1 9 10 
6
0 1 2 12 13 14 
6
0 1 2 12 13 14 
3
0 9 27 
1
11 
5
0 1 17 18 38 
6
0 1 2 14 15 16 
7
0 1 2 18 19 20 28 
9
0 1 2 3 19 20 21 22 38 
4
0 1 15 16 
10
0 1 2 3 4 18 19 20 21 22 
1
16 
6
0 1 2 4 5 6 
4
0 1 3 4 
9
0 1 2 3 14 15 16 17 28 
4
0 1 13 14 
6
0 1 2 17 18 19 
9
0 1 2 3 19 20 21 22 28 
3
0 11 28 
1
13 
3
0 16 17 
3
0 3 12 
6
0 1 2 11 12 13 
10
0 1 2 3 4 23 24 25 26 27 
1
5 
7
0 1 2 5 6 7 8 
8
0 1 2 3 6 7 8 9 
1
9 
9
0 1 2 3 5 6 7 8 13 
3
0 11 31 
10
0 1 2 3 4 9 10 11 12 13 
2
0 16 
