8 10
6 35
59 14
88 71
5 64
72 75
43 99
2 93
20 44
57 27
97 100
54 44
31 14
4 79
12 69
14 85
31 3
77 82
54 75
3 8
61 72
53 19
73 55
41 23
55 88
40 93
30 19
0 88
42 6
98 51
88 62
9 9
41 17
63 3
92 83
93 68
45 6
67 80
8 41
73 10
64 15
89 14
26 49
96 84
91 76
73 60
19 15
88 84
42 53
31 53
10 2
93 28
71 27
19 56
21 56
23 17
42 34
88 41
41 82
31 37
53 64
75 69
71 54
8 7
82 9
68 94
93 52
23 50
67 58
17 77
42 76
68 28
59 7
85 45
41 6
41 20
2 29
46 81
82 70
3 2
43 15
24 91
80 13
42 6
35 97
8 2
56 60
37 78
51 45
20 1
14 44
64 6
67 79
12 60
90 10
80 32
3 4
12 100
42 70
25 77
18 77
76 29
97 9
53 4
5 2
100 66
34 22
58 66
49 60
84 100
34 67
64 75
10 4
24 25
82 59
82 33
34 61
67 4
67 70
59 79
74 76
100 49
25 19
89 71
93 94
91 79
51 75
9 3
34 4
39 36
54 81
98 14
34 26
29 69
48 91
62 50
88 47
90 82
77 60
63 10
3 5
49 99
62 73
77 78
16 80
57 29
0 46
14 97
68 82
5 10
82 14
18 94
47 33
80 2
69 83
52 28
50 31
71 13
96 75
24 26
4 85
6 53
58 16
72 3
14 92
10 8
12 80
39 87
52 0
57 90
60 21
4 68
53 76
61 48
36 1
8 85
12 97
55 95
1 0
3 43
70 84
17 85
96 55
55 44
2 3
68 41
61 41
86 25
62 31
50 64
9 6
56 23
36 90
46 43
18 23
24 84
90 60
11 94
78 20
91 5
2 99
4 37
47 35
70 60
41 34
100 77
5 9
94 38
32 91
33 46
39 49
60 42
43 15
87 72
48 4
22 81
28 49
36 11
51 42
11 27
93 5
9 9
2 94
75 95
95 99
39 90
60 26
100 41
100 52
8 84
93 40
10 5
13 17
53 12
75 93
3 79
79 68
48 100
3 37
60 30
3 2
67 40
64 55
45 49
53 40
77 90
6 10
97 45
50 73
78 28
63 41
61 19
29 14
100 26
75 100
32 50
55 44
59 69
19 25
18 72
5 42
38 61
69 0
2 8
97 17
15 40
58 82
10 67
2 54
39 54
34 36
92 94
27 28
96 46
7 2
50 0
10 20
69 52
52 92
60 27
69 21
89 97
60 96
86 13
2 10
44 50
11 12
17 75
24 82
37 18
40 43
17 81
69 76
22 9
63 21
23 60
82 94
3 7
90 90
24 87
68 84
44 55
50 75
91 7
49 80
15 67
4 0
82 89
3 8
5 76
51 29
51 12
11 60
45 97
75 37
37 94
84 49
26 46
1 22
34 3
5 8
91 69
11 32
53 16
24 38
49 14
2 50
96 26
62 14
73 43
81 94
60 80
28 25
99 20
8 6
46 87
90 43
37 0
31 7
16 67
86 97
44 0
1 34
71 98
24 78
83 73
22 1
61 54
67 11
8 8
28 27
32 43
26 100
13 26
63 83
36 14
46 60
75 14
75 65
10 25
38 81
52 89
39 19
100 81
58 57
11 31
3 9
76 28
52 70
37 74
88 17
90 72
58 31
51 83
82 7
51 21
8 76
84 27
87 52
4 10
33 94
7 55
64 45
67 91
97 29
92 77
16 1
64 99
95 63
67 33
77 32
66 60
56 58
63 19
10 10
16 82
36 63
49 93
82 30
96 29
19 0
89 83
13 56
74 64
71 72
76 73
30 97
81 26
93 30
83 20
19 22
58 21
12 19
65 20
80 90
6 8
43 79
21 61
42 71
79 72
18 16
66 84
55 78
71 45
35 43
55 29
66 97
33 87
74 9
1 44
8 2
45 50
65 35
80 92
39 80
100 18
17 65
40 21
38 79
96 47
30 43
7 5
9 92
10 84
26 95
64 82
99 49
42 81
76 91
3 1
0 63
51 19
42 60
95 26
10 9
13 87
1 80
89 66
1 63
70 97
100 73
51 10
55 60
26 8
21 69
79 56
92 16
64 99
35 64
15 66
43 45
64 79
42 62
67 99
8 5
76 15
74 11
93 77
67 70
37 51
10 50
96 64
11 58
65 87
43 38
49 52
32 9
59 3
6 8
98 49
35 51
18 10
95 70
82 84
17 44
40 77
16 65
78 62
87 31
35 92
81 38
19 96
93 79
10 6
75 93
30 83
60 10
41 87
90 51
45 62
9 47
28 34
98 44
43 33
47 73
11 85
44 32
13 34
58 49
95 90
3 3
61 78
28 46
59 97
33 77
57 88
89 81
4 4
100 9
66 52
35 78
87 90
64 23
93 4
100 28
2 74
8 6
76 14
70 47
27 74
28 1
83 19
16 73
49 37
53 54
58 74
85 76
48 3
65 29
38 62
70 62
2 4
91 75
68 57
78 28
98 43
96 40
3 72
7 7
11 82
9 7
78 1
11 22
98 34
39 17
52 27
90 15
48 44
61 70
23 86
50 77
54 20
68 63
2 2
8 42
15 56
75 72
65 99
6 9
73 11
52 95
83 87
7 91
76 59
86 87
59 85
46 27
56 51
84 48
10 51
77 27
52 90
1 5
9 64
6 5
74 26
37 57
42 93
79 91
32 24
63 57
62 25
60 40
35 9
6 73
72 55
4 9
12 1
4 36
38 5
91 35
45 80
6 22
64 82
24 74
83 52
61 42
12 79
79 96
94 10
3 4
9 4
44 86
96 18
74 98
18 78
37 3
68 93
10 9
25 82
91 27
92 23
38 63
50 41
58 65
36 37
5 65
79 42
67 39
25 53
37 8
46 74
2 48
48 2
86 75
73 98
81 81
40 97
3 8
58 100
51 57
40 54
18 3
4 26
78 93
60 80
37 74
77 8
61 61
85 21
7 10
87 94
22 18
65 36
22 85
4 43
95 84
13 38
39 62
48 63
6 76
84 4
85 97
9 25
99 38
58 80
84 72
32 82
9 4
52 76
28 6
92 11
22 69
62 27
62 55
8 1
20 22
71 23
16 66
27 67
26 11
23 89
4 8
6 4
12 84
71 8
91 10
83 52
100 93
0 79
6 41
100 60
23 32
37 43
12 35
10 3
42 37
43 99
57 84
53 96
35 88
33 77
76 14
78 98
48 65
76 89
1 8
94 82
78 33
7 10
88 93
38 55
70 98
65 50
31 91
85 93
17 49
62 87
94 38
48 61
95 78
52 52
43 52
20 97
62 31
7 57
18 13
7 8
76 100
77 71
63 22
57 52
14 21
96 21
18 5
89 64
24 1
52 52
33 83
41 75
32 59
83 10
65 31
2 4
49 8
21 18
50 78
53 39
51 52
50 8
9 6
8 74
75 58
85 39
8 36
83 94
76 28
22 70
49 5
22 18
64 97
33 20
57 22
24 59
42 15
49 77
7 3
7 54
28 87
15 85
56 65
97 100
33 46
49 49
94 10
0 91
0 50
10 3
83 96
48 73
75 76
7 34
32 84
85 38
18 33
69 86
25 21
22 89
6 12
6 72
95 86
3 6
1 27
3 98
82 6
99 20
80 48
56 52
66 33
99 28
92 30
8 5
2 70
19 47
58 51
63 65
99 55
35 90
9 52
95 56
3 1
50 79
37 91
91 67
85 50
8 8
31 18
6 5
87 73
55 43
97 4
49 68
51 67
84 49
71 21
59 48
19 73
90 6
43 100
13 66
75 5
41 76
2 10
64 41
68 32
3 23
34 78
92 68
35 83
9 21
22 53
81 67
73 95
64 40
81 74
8 4
16 8
68 63
5 41
34 47
96 79
86 15
86 5
3 64
60 33
91 27
60 85
34 8
2 2
10 40
3 88
2 45
67 24
6 6
80 67
0 66
24 34
97 69
46 53
31 69
18 23
29 83
28 88
72 61
5 74
73 11
8 5
60 4
74 63
57 53
100 68
35 34
93 99
56 4
17 67
15 64
19 98
54 49
46 100
69 72
8 3
61 44
83 74
38 78
88 13
31 33
32 58
41 46
80 6
30 3
15 44
51 98
8 9
96 2
53 27
16 21
86 59
24 94
62 14
2 39
9 44
18 64
73 71
6 91
10 81
94 39
94 72
75 52
38 62
85 56
3 6
34 53
63 7
39 37
25 81
71 66
51 67
22 30
76 24
28 35
5 8
40 14
99 38
88 84
59 8
68 37
23 74
72 60
40 77
52 7
100 64
76 58
28 88
79 68
4 3
61 85
69 18
23 75
81 80
35 5
90 100
22 68
9 4
51 75
15 27
75 70
54 99
36 51
55 56
8 28
93 48
71 75
11 98
38 61
14 7
17 96
2 9
24 15
73 18
36 69
86 99
42 68
37 83
81 98
15 29
9 85
74 98
99 83
9 3
65 88
77 61
65 75
66 15
86 32
26 60
36 15
6 50
6 70
51 63
80 100
55 31
5 5
79 68
100 73
32 47
27 22
23 65
42 14
29 68
14 96
92 60
21 92
8 2
19 3
93 26
95 41
48 43
78 33
98 93
20 69
15 15
62 96
66 56
5 8
81 0
51 73
8 23
60 44
67 73
17 56
27 44
21 41
47 96
53 29
76 21
0 51
25 89
6 7
10 27
85 19
82 34
76 47
85 11
64 66
20 86
37 0
32 15
94 43
74 100
66 17
84 40
6 2
42 79
78 19
44 22
71 84
94 93
98 14
66 68
83 21
9 3
85 56
35 48
93 84
87 35
34 73
43 38
61 48
8 0
60 63
66 74
43 53
38 34
9 9
80 92
2 9
68 86
82 68
76 79
33 81
60 52
31 61
72 96
11 5
98 47
43 43
56 8
3 67
27 78
53 14
50 23
57 64
7 4
49 1
75 100
71 74
55 12
57 75
85 97
18 56
56 27
33 24
19 9
98 37
9 8
16 20
67 100
45 2
52 5
49 34
78 41
48 53
40 16
11 10
8 47
25 65
20 87
20 30
99 42
25 63
71 4
52 54
9 10
86 21
3 73
30 33
11 47
46 77
52 9
66 7
62 24
41 98
5 72
4 15
20 38
37 90
18 7
48 1
70 51
72 29
93 38
96 88
5 2
32 90
69 32
42 77
54 66
74 58
3 69
4 3
3 4
55 94
20 19
57 43
13 71
33 72
97 24
58 91
9 4
78 1
13 30
74 78
24 91
66 18
84 9
94 44
84 8
65 21
95 53
9 4
55 81
57 90
7 10
68 35
92 57
89 36
44 86
95 71
78 39
85 74
75 81
71 78
74 5
21 9
82 88
76 10
61 20
67 39
85 83
72 70
4 5
27 36
69 14
78 78
76 37
20 22
98 60
97 50
55 34
27 100
9 7
60 60
52 97
44 2
80 40
39 23
58 84
2 2
45 42
29 55
65 22
89 61
9 98
45 11
19 41
18 19
71 83
8 9
57 48
28 93
10 89
78 11
46 79
8 12
84 59
42 12
27 38
45 95
91 63
67 98
59 92
35 33
85 38
90 85
60 35
10 7
100 15
69 25
2 4
60 19
5 47
8 96
80 73
86 59
83 83
8 26
36 94
62 32
99 47
31 28
92 51
95 23
23 88
1 10
49 99
86 34
40 88
23 3
10 98
77 92
59 4
45 63
97 91
2 28
45 43
8 6
40 34
12 61
59 7
83 22
94 1
59 41
68 75
48 91
99 98
44 35
48 40
52 88
24 84
94 88
5 10
67 86
31 33
10 40
38 77
84 97
50 86
63 66
88 69
8 91
7 76
47 26
62 14
25 48
77 90
98 12
2 4
82 5
64 91
10 19
58 33
82 67
58 0
10 10
33 88
66 71
1 2
38 96
55 44
89 37
0 67
17 83
19 75
23 5
16 8
100 61
11 79
60 67
98 1
87 47
98 90
41 81
82 80
2 41
7 7
38 99
46 48
70 39
3 97
79 10
45 74
13 54
89 12
61 69
84 81
7 77
71 79
57 37
93 18
2 2
79 41
30 14
4 95
77 70
7 2
25 71
52 13
51 87
81 28
53 26
79 100
9 77
92 20
51 34
7 2
14 93
90 79
73 83
4 81
74 47
60 95
29 99
3 7
66 80
4 2
56 11
33 43
73 29
17 13
55 24
58 61
6 8
72 23
84 85
20 85
47 46
94 52
17 37
17 75
100 98
3 83
89 37
38 16
48 53
33 54
100 10
6 4
65 92
66 71
52 76
25 57
93 10
7 16
69 56
2 18
68 3
71 42
5 2
82 16
79 87
29 56
66 58
61 61
26 94
63 83
2 4
26 47
45 26
26 40
69 32
66 77
74 77
9 5
39 23
21 31
91 100
72 75
45 74
24 65
7 21
90 55
3 5
56 93
58 66
14 64
33 47
65 50
1 4
49 26
4 5
55 73
23 3
96 29
4 10
100 78
89 61
39 40
77 61
27 45
64 69
97 15
49 88
89 65
52 35
92 49
72 75
65 39
92 92
4 3
0 73
78 5
7 13
15 27
90 32
63 56
33 60
10 9
93 6
85 24
91 84
47 22
54 100
51 84
35 42
70 35
25 59
52 47
82 51
17 89
90 93
57 56
84 100
5 29
18 57
68 90
19 26
10 5
27 54
46 37
100 73
54 96
12 49
95 1
31 56
73 26
30 56
27 49
22 47
95 3
39 2
77 10
11 20
9 3
36 82
28 87
5 41
36 16
77 61
78 85
13 3
79 49
89 67
71 51
60 53
84 29
2 7
84 93
93 17
43 47
90 15
43 51
3 0
64 23
28 6
94 36
4 8
60 59
86 77
88 43
69 31
67 74
58 3
46 94
47 34
71 15
80 3
28 5
70 95
8 2
84 40
37 8
23 96
64 17
85 22
60 8
97 66
19 76
44 25
85 71
4 10
28 52
80 70
84 47
34 18
63 9
76 92
75 83
81 51
72 17
8 5
99 47
81 48
74 51
40 20
7 2
6 83
92 8
15 76
22 28
78 81
59 21
91 47
61 58
13 86
8 10
16 83
67 78
79 85
17 83
62 77
0 53
73 85
26 99
83 18
53 15
28 65
5 21
10 77
10 48
81 63
76 68
30 82
5 31
9 9
53 12
12 41
17 96
17 70
25 75
4 77
76 64
6 67
61 94
96 35
61 57
83 33
36 35
5 80
89 36
31 79
52 44
96 58
2 4
26 60
59 71
100 40
42 27
49 33
45 65
9 5
46 59
19 69
27 4
65 34
58 100
96 31
82 47
41 29
76 93
91 60
82 49
85 64
66 89
3 63
1 5
7 40
39 20
75 69
80 42
13 94
68 64
10 8
83 67
38 44
32 25
6 65
93 90
60 24
51 85
33 2
91 68
27 93
57 41
12 96
1 61
7 92
0 23
50 22
12 19
37 77
4 6
87 83
98 70
30 42
86 88
50 63
59 52
57 8
74 100
25 22
56 96
10 8
25 1
21 69
35 3
69 29
20 57
56 15
98 81
15 100
79 68
50 33
81 39
52 84
80 54
15 67
98 44
96 71
4 86
96 90
7 4
16 6
33 30
41 46
11 9
84 18
71 30
57 79
70 11
40 26
90 81
85 16
2 7
2 25
59 95
53 33
42 81
82 30
30 64
9 94
33 0
26 64
4 6
55 15
72 11
59 60
76 80
51 39
56 81
97 63
46 77
96 95
72 12
6 9
69 33
15 52
97 30
37 90
4 34
22 45
13 58
58 37
72 38
41 18
97 94
96 82
32 64
94 17
76 64
3 8
42 56
95 38
10 2
70 90
17 6
48 10
65 23
11 50
43 86
96 100
98 80
7 10
30 39
68 47
58 41
91 25
100 75
21 26
43 53
43 43
38 41
40 50
86 24
24 95
40 70
83 48
24 6
64 21
100 35
8 5
72 69
39 72
71 17
19 16
49 72
25 63
66 51
46 3
67 48
67 77
10 88
82 18
58 19
9 9
91 23
29 27
47 69
13 86
15 39
84 30
44 64
69 86
14 71
4 45
79 91
82 37
88 33
81 27
46 40
14 63
13 9
23 69
2 4
56 50
68 81
52 52
80 18
96 56
25 74
5 3
27 38
26 12
58 83
89 16
62 73
20 86
23 100
32 75
4 9
78 51
86 0
73 83
39 4
54 80
86 25
71 32
24 61
31 82
28 90
14 44
39 76
89 0
2 2
80 54
43 22
52 25
64 48
4 9
84 78
29 0
63 74
47 50
28 42
11 84
45 60
54 91
11 32
63 15
33 6
68 37
44 88
8 5
45 63
78 23
13 31
99 2
40 15
12 37
92 25
50 46
47 23
7 10
7 18
40 76
53 35
2 3
88 97
10 35
96 74
39 60
26 75
8 6
89 97
53 8
95 73
58 0
28 91
3 48
14 19
96 28
91 26
47 96
50 39
53 99
48 35
66 41
9 10
65 20
15 49
0 70
91 93
80 15
37 91
9 21
31 74
14 75
2 82
45 95
95 2
61 73
41 31
97 48
28 1
2 46
65 75
20 85
10 5
27 11
57 85
46 8
4 75
36 100
25 26
77 0
39 26
43 28
53 52
40 21
30 52
85 44
20 73
2 94
3 7
18 53
75 28
24 100
74 81
79 68
65 72
88 82
77 31
7 39
39 6
4 3
51 26
76 98
21 86
71 33
13 86
65 68
62 26
3 7
3 45
76 79
74 93
80 5
44 4
44 14
83 37
95 0
68 29
91 37
8 2
27 59
62 25
22 49
10 27
92 60
62 76
86 25
32 66
36 11
91 14
2 5
1 12
48 89
39 88
75 15
28 45
3 95
98 38
7 3
84 81
61 21
36 3
99 12
100 52
15 57
1 78
48 82
12 5
1 10
7 4
94 52
20 32
58 27
79 57
64 40
39 41
8 67
21 22
60 3
49 42
33 15
8 5
3 74
44 7
72 79
4 75
89 78
44 14
75 67
70 10
9 32
77 2
3 81
92 73
71 29
5 2
75 62
99 11
95 21
34 89
16 76
93 33
8 5
1 2
33 20
65 97
36 61
8 7
86 28
79 23
17 63
63 61
37 12
12 2
68 33
61 49
1 7
54 58
1 32
11 93
77 65
34 0
55 61
3 4
71 60
42 14
37 32
72 85
31 66
89 80
40 94
9 2
55 94
74 11
91 78
44 97
28 84
68 95
48 1
86 80
68 75
11 35
70 54
7 10
77 18
35 91
72 45
77 45
91 29
20 81
26 24
34 16
68 38
57 29
30 27
36 51
35 89
4 13
75 68
49 58
54 3
10 7
70 43
95 37
29 0
5 72
22 31
81 67
58 46
55 39
98 40
98 0
51 80
87 81
72 27
22 65
57 43
40 90
82 37
3 9
34 13
91 80
88 16
28 92
48 93
37 50
84 48
0 35
11 33
59 4
63 97
99 11
2 5
94 16
69 78
55 2
87 90
75 56
11 27
95 62
8 7
81 63
19 51
71 17
33 85
17 76
95 61
18 19
10 16
93 71
43 29
74 0
13 15
60 43
10 46
66 23
5 2
70 37
49 68
40 48
83 83
51 90
50 89
86 51
2 9
62 34
80 38
53 68
46 23
50 86
44 21
46 44
75 49
32 17
91 78
49 87
3 3
22 30
34 76
6 20
100 48
75 94
67 26
3 8
10 53
71 30
97 34
36 18
63 61
75 34
81 15
32 81
40 52
17 6
71 82
9 2
89 5
86 59
58 53
98 67
70 27
10 3
2 44
30 45
4 55
37 15
28 29
4 2
60 33
96 63
35 22
100 29
62 8
97 87
7 8
74 84
36 50
51 89
64 2
56 3
42 38
22 100
61 36
95 91
58 79
31 77
51 88
42 81
98 53
75 13
9 9
0 28
99 62
64 12
7 49
47 50
100 34
45 70
37 98
44 8
27 57
7 28
93 26
87 19
32 26
66 54
75 79
52 18
18 27
5 5
10 39
50 53
25 52
42 29
22 0
76 12
64 39
55 98
24 100
17 76
7 2
39 41
26 62
69 35
1 32
51 24
98 84
5 53
88 28
36 15
8 7
86 29
78 32
15 58
82 61
18 78
61 19
90 15
42 20
73 61
75 13
91 64
93 44
82 12
75 59
43 75
8 3
65 70
46 89
25 53
6 6
14 21
46 44
42 82
26 33
36 63
43 6
54 91
10 2
81 18
40 67
2 53
93 1
39 0
94 96
4 15
95 29
7 96
24 58
81 52
46 34
5 2
27 44
88 16
83 10
1 80
13 33
35 36
49 49
9 8
88 46
38 46
55 82
79 20
66 64
0 70
49 67
41 100
81 64
95 93
41 11
91 94
5 12
74 34
11 51
16 99
59 9
9 10
50 83
33 64
4 3
46 3
98 47
6 64
78 14
84 41
76 60
63 80
42 85
24 22
47 40
35 66
88 96
7 88
93 35
35 55
16 5
9 7
0 57
88 34
40 24
61 84
36 99
19 21
24 2
67 73
31 87
25 4
73 83
15 27
66 20
8 32
20 26
41 35
4 7
22 80
14 0
86 44
65 67
19 71
57 70
82 19
34 45
83 57
77 14
38 27
5 2
22 95
75 35
97 28
87 82
4 22
66 63
19 56
7 3
29 55
25 79
53 2
68 27
56 34
62 67
35 21
89 82
47 98
63 10
8 8
78 37
48 83
71 84
1 96
62 30
56 86
85 8
12 56
60 89
57 69
40 1
18 59
64 17
13 15
65 14
50 25
7 2
25 54
43 34
84 46
88 18
78 47
49 12
82 12
88 41
48 48
2 9
77 39
42 26
0 39
21 87
20 91
93 96
87 65
71 98
89 12
14 8
27 62
7 10
65 36
68 95
42 15
71 1
26 76
78 29
8 74
39 74
16 85
38 12
31 53
79 61
38 9
26 33
17 16
61 59
18 54
5 2
43 19
22 42
49 65
47 39
72 94
27 79
63 40
8 6
85 38
67 11
91 11
72 15
88 100
92 16
21 3
83 64
70 75
45 27
30 88
37 86
43 29
41 95
4 6
84 35
90 89
45 94
77 63
91 15
58 27
53 28
97 6
13 30
9 55
6 8
49 98
20 62
2 17
69 14
40 82
56 57
8 63
53 94
96 84
27 34
3 0
6 21
73 56
83 41
7 3
48 66
70 36
79 97
19 53
46 43
28 75
21 73
98 67
81 77
60 89
6 10
67 75
19 28
4 71
37 23
21 0
28 100
41 64
48 41
9 41
77 84
86 4
57 35
24 13
64 99
100 65
20 95
1 4
59 7
74 41
97 74
37 33
99 59
10 9
30 29
26 27
10 47
12 82
4 28
39 38
94 48
100 70
24 50
85 22
0 77
58 37
39 62
100 33
84 84
51 24
60 40
35 30
0 66
7 2
90 88
35 57
70 41
45 77
22 7
46 91
89 35
66 52
31 79
8 5
22 14
0 28
4 37
4 49
97 72
73 24
97 7
40 89
80 21
61 85
82 93
1 39
73 85
7 5
84 61
2 52
16 41
17 34
89 29
18 55
32 13
86 86
2 94
6 92
89 88
100 4
10 10
75 81
11 71
83 73
57 53
72 35
41 14
6 63
85 16
39 86
17 9
30 2
27 46
97 66
40 97
20 23
22 28
23 61
85 45
84 30
17 75
10 5
58 34
49 74
47 10
84 34
15 63
26 56
7 48
7 72
66 43
14 0
8 26
55 29
0 94
41 39
29 40
6 8
23 78
65 88
89 92
69 61
89 19
28 85
18 100
95 76
47 31
83 88
75 87
91 25
2 10
26 84
4 9
93 84
69 40
55 43
53 19
34 2
40 16
9 22
82 92
93 74
70 56
87 67
74 27
45 46
8 7
79 74
30 98
27 86
66 53
6 51
53 88
88 73
50 55
98 90
40 31
85 49
36 49
25 50
34 61
6 72
3 8
99 29
38 24
65 44
31 50
88 86
57 16
83 4
98 87
89 20
84 9
13 57
5 4
33 71
34 69
86 11
54 23
52 15
38 14
45 52
84 3
84 7
1 5
35 46
57 92
74 31
94 97
16 27
86 6
6 7
12 53
48 85
33 23
16 26
24 12
5 18
50 56
54 49
3 48
94 93
20 75
0 52
5 92
5 5
55 19
46 28
90 19
39 40
100 14
98 21
95 70
19 53
10 78
55 86
10 4
40 66
72 98
56 39
55 35
21 31
0 55
19 95
88 59
18 98
9 43
55 72
50 23
86 37
57 99
10 9
49 92
49 100
82 25
58 33
73 33
21 5
53 3
10 95
5 55
41 90
97 77
13 39
27 35
73 32
22 87
1 69
67 54
13 49
47 69
3 2
71 16
13 23
77 99
63 74
96 6
4 6
41 30
56 32
13 5
1 47
72 47
95 98
28 73
20 51
86 90
14 43
9 8
6 87
8 99
95 85
50 94
58 81
26 50
79 73
51 93
97 59
58 15
35 52
25 63
50 92
3 80
61 4
79 84
43 19
2 6
75 76
25 9
69 26
52 89
47 86
64 80
33 96
80 92
6 8
52 30
25 24
52 95
51 49
34 3
81 19
83 5
28 77
28 38
68 93
92 72
10 57
76 64
6 55
10 7
43 85
93 54
42 44
37 90
44 52
3 15
68 16
90 73
9 98
84 59
51 41
4 62
46 17
45 21
22 45
10 64
29 77
7 9
10 52
28 2
49 34
69 41
58 3
57 19
91 5
75 24
72 50
55 53
35 41
37 45
67 46
83 77
79 34
96 94
10 5
56 70
93 80
97 17
50 0
24 100
86 21
4 59
84 26
93 65
10 6
32 39
4 9
2 66
91 97
84 5
3 10
4 1
2 24
90 45
11 44
56 47
69 61
48 1
68 2
36 6
52 14
1 26
93 94
34 9
2 3
100 97
11 79
34 50
29 99
55 29
10 5
31 54
89 58
52 93
21 88
40 36
74 14
97 25
97 64
93 40
93 33
89 54
21 32
54 65
4 63
46 10
8 3
82 5
31 15
15 90
38 79
87 100
17 57
78 47
39 16
20 51
50 78
65 91
8 4
22 15
83 43
0 92
90 6
91 38
22 12
73 23
68 43
41 32
90 45
83 51
88 72
7 9
74 94
82 22
86 20
73 28
41 97
28 73
10 94
34 62
26 24
84 89
18 61
61 15
92 41
63 24
43 39
37 22
10 10
11 46
12 82
27 31
34 2
87 42
51 73
16 53
72 100
29 74
14 9
37 15
41 52
85 11
44 61
80 97
26 89
79 80
15 21
100 17
71 74
3 8
77 57
48 55
68 8
84 38
48 3
61 26
87 81
35 11
75 0
69 5
45 2
8 8
71 95
19 62
83 76
78 76
1 100
49 10
61 15
75 28
90 55
65 91
49 31
13 41
93 5
34 48
30 28
80 21
9 2
97 31
10 1
72 100
2 85
9 8
87 93
87 76
4 1
20 23
55 4
35 12
3 7
4 49
40 77
32 79
41 76
73 33
5 51
90 15
86 37
9 97
44 100
2 4
60 96
15 2
72 67
87 77
29 54
37 20
10 10
6 25
67 44
52 65
66 86
82 22
83 29
51 44
24 52
69 39
5 66
18 36
44 30
86 54
42 48
97 1
27 65
48 67
19 45
5 92
62 1
8 4
63 36
9 90
90 59
49 59
65 3
87 78
87 21
59 15
77 23
0 14
83 97
53 85
9 5
3 36
32 50
13 62
27 26
77 70
89 10
91 32
70 29
72 60
80 5
12 60
52 0
64 95
85 13
8 8
7 15
40 14
63 37
80 94
99 39
10 60
79 17
84 74
88 60
80 14
41 79
47 51
27 3
24 57
54 66
0 33
7 4
23 9
9 43
36 36
74 87
35 76
63 3
19 13
97 75
8 62
59 26
26 99
4 8
77 55
66 5
38 67
4 78
13 1
65 40
98 33
65 28
16 78
39 35
64 21
21 26
5 2
70 6
0 19
90 72
12 75
4 92
65 71
93 78
2 5
34 36
26 23
96 85
85 61
77 2
83 43
1 69
2 2
65 74
100 6
70 66
59 71
8 2
69 67
98 66
57 77
23 52
14 71
32 27
65 37
65 78
93 55
43 42
4 10
28 46
29 22
32 5
88 14
85 29
29 57
23 51
43 65
81 59
43 26
94 97
69 30
63 90
65 55
6 5
24 26
28 91
90 75
5 17
42 75
51 89
35 30
90 97
39 36
0 87
36 89
2 4
23 80
46 27
15 59
64 27
28 66
54 43
4 9
35 33
55 22
87 33
3 36
37 7
2 13
48 42
34 89
1 2
42 41
97 60
6 9
55 72
4 6
30 68
50 18
38 16
91 71
18 79
39 49
99 80
67 50
42 4
14 85
7 9
58 23
65 41
22 9
21 55
69 42
12 47
60 42
99 93
85 65
84 98
88 74
10 41
35 34
56 79
91 36
25 94
5 2
47 4
37 49
18 70
30 82
3 8
20 4
34 8
8 5
61 90
10 66
76 59
70 75
39 10
71 17
61 15
30 96
77 21
72 46
29 60
39 65
30 83
4 9
34 63
28 95
36 19
32 93
88 85
32 68
53 58
67 74
78 44
0 53
53 88
38 21
40 81
8 4
0 91
32 51
47 93
73 32
37 36
52 37
23 36
24 47
62 61
25 64
21 0
8 53
3 4
38 17
81 25
4 20
13 69
90 52
66 5
12 21
1 6
52 94
67 4
39 46
85 52
46 44
88 69
89 11
3 10
97 67
99 89
88 94
89 7
69 53
57 84
83 79
41 12
90 79
58 97
18 73
85 33
64 54
4 10
76 98
5 17
0 100
75 1
100 91
97 60
20 46
17 24
84 17
4 31
19 1
69 24
95 66
14 16
7 7
83 61
11 0
15 10
47 83
71 90
74 52
82 66
92 66
34 52
96 76
89 70
55 84
86 60
41 90
6 2
47 78
12 2
86 42
91 34
68 54
13 3
53 17
7 47
9 10
53 1
1 88
16 94
49 37
21 89
14 83
69 92
79 7
56 71
91 13
72 61
99 27
12 76
39 38
19 50
76 90
49 30
20 54
66 86
5 6
29 38
46 22
16 19
48 33
51 64
93 31
65 58
35 36
33 99
64 73
13 45
3 4
30 3
14 53
76 58
46 86
5 15
61 7
34 90
8 5
59 59
81 67
30 3
64 36
52 91
27 35
87 13
31 21
57 79
82 46
22 75
15 50
11 16
9 9
72 78
72 51
70 10
86 93
69 73
4 2
38 16
84 30
89 22
16 25
90 35
34 1
42 82
58 39
75 59
29 81
35 11
4 96
8 4
91 32
36 15
94 31
60 54
32 16
63 68
1 25
93 19
62 25
65 15
29 62
48 20
7 9
92 24
5 85
72 90
95 95
78 45
28 87
86 78
6 68
74 40
45 77
58 84
80 26
55 38
43 78
96 37
73 62
5 6
89 62
75 10
33 71
95 5
68 82
100 40
93 6
5 82
34 23
30 35
68 46
5 4
71 81
88 88
31 61
60 50
4 36
34 70
64 23
54 90
4 1
3 4
24 76
32 33
96 63
34 68
53 19
7 11
84 69
6 8
39 27
71 44
59 13
44 48
40 55
71 76
49 73
89 55
31 34
40 63
95 38
73 34
30 78
51 91
2 9
8 72
90 47
20 8
60 89
57 37
1 5
19 42
67 18
85 67
80 39
31 0
6 7
43 58
31 18
39 72
34 46
90 15
40 12
42 22
86 66
73 12
84 2
40 18
10 39
51 89
2 10
87 48
33 64
19 98
43 4
21 39
35 10
54 62
4 32
0 42
23 52
84 66
19 82
2 7
23 1
61 99
89 57
17 76
16 47
36 57
89 31
79 94
82 67
3 4
71 83
22 69
98 54
0 91
75 21
86 67
54 92
5 2
70 38
59 18
83 45
72 64
50 80
91 78
90 39
7 4
41 46
57 74
91 32
75 53
19 4
74 60
10 5
19 39
31 33
72 26
1 26
10 7
50 68
61 10
3 8
89 65
26 23
77 74
6 29
22 58
62 49
7 26
7 58
19 32
16 52
71 8
75 15
49 86
50 41
8 4
14 52
26 29
37 69
44 3
27 26
51 7
23 40
3 24
95 92
91 85
11 67
2 14
2 4
96 27
29 41
54 39
47 56
53 70
21 77
8 7
17 48
7 1
13 98
54 22
98 61
91 33
46 54
56 86
7 51
11 39
92 2
96 70
68 54
40 24
14 60
2 7
99 80
64 40
40 69
78 26
100 21
27 17
59 17
65 80
22 8
6 10
15 45
37 80
94 22
57 29
81 9
86 52
67 49
73 56
0 21
84 86
27 41
92 93
91 9
59 84
18 81
2 83
2 10
91 52
47 51
26 80
28 16
99 100
90 14
80 51
28 47
94 71
52 39
52 16
8 71
3 7
62 77
65 52
13 90
63 26
63 94
47 71
96 85
91 48
15 94
2 55
1 2
23 74
67 76
87 98
5 4
55 83
64 57
7 100
88 61
66 2
38 14
41 0
17 34
47 8
3 3
7 28
37 75
85 85
29 93
2 4
85 9
2 6
30 78
86 82
64 24
59 4
77 100
71 32
94 49
31 52
6 5
75 83
91 13
93 32
92 14
50 7
0 68
93 38
38 12
48 73
27 95
11 77
10 9
98 38
25 83
95 5
85 22
69 45
37 37
97 75
34 27
62 64
7 42
51 25
12 47
66 20
63 62
69 21
71 34
71 82
37 79
58 34
4 5
3 38
64 4
91 59
28 72
17 69
67 35
88 15
65 95
63 50
7 5
85 28
29 39
26 68
75 73
30 32
66 84
67 46
71 46
87 42
92 6
62 56
40 1
9 5
45 23
61 6
47 50
88 28
18 96
65 16
61 77
74 87
80 18
49 14
70 62
10 78
80 20
0 99
5 2
73 34
90 47
89 23
68 98
44 89
3 63
33 18
9 9
98 28
40 97
70 71
39 18
81 78
11 62
53 53
8 3
37 54
54 86
52 61
6 54
65 27
85 57
100 97
9 83
65 19
45 0
9 10
51 77
41 21
55 61
27 5
56 31
97 18
87 24
78 63
83 77
79 60
81 89
76 63
97 19
70 79
51 44
26 18
59 41
15 25
15 40
3 7
51 9
71 80
82 5
66 62
83 40
97 85
39 24
99 8
17 89
7 48
10 3
86 49
87 16
9 20
61 1
42 96
64 81
22 23
61 53
75 75
42 3
11 72
21 68
94 45
7 10
68 33
12 81
36 34
49 42
18 10
51 39
9 23
81 9
12 30
22 5
93 13
33 97
16 55
51 8
45 3
24 88
32 4
10 5
56 65
29 89
89 96
13 2
30 21
82 32
41 57
91 5
100 87
36 75
58 68
8 20
59 71
45 75
15 74
8 7
18 33
81 73
56 79
31 69
77 3
67 82
49 50
69 31
59 97
35 43
21 18
46 49
25 22
9 59
14 17
7 7
24 49
59 24
31 13
68 82
97 33
56 98
75 67
77 24
71 15
17 1
48 9
16 42
31 74
26 64
5 3
89 95
33 5
12 6
44 14
70 10
9 49
63 12
26 25
4 9
47 73
52 54
24 57
31 5
51 75
48 42
24 18
13 78
48 21
79 93
50 28
15 24
30 74
9 3
67 52
40 6
54 76
84 15
21 50
1 33
66 1
80 70
69 59
6 73
78 8
0 13
10 5
41 32
45 31
25 92
42 59
72 41
95 67
14 51
79 22
99 68
81 12
58 40
98 97
33 16
75 73
33 43
7 7
64 59
36 29
73 96
14 38
42 74
99 66
28 62
89 100
87 83
91 66
49 22
34 39
26 41
7 1
2 2
0 10
3 64
64 34
12 22
5 6
83 46
10 56
17 74
20 45
4 96
79 100
62 36
43 64
58 95
100 90
43 71
7 2
69 10
77 6
15 33
62 43
67 2
88 89
29 57
56 17
90 10
3 10
16 22
34 89
27 96
6 26
96 45
97 30
73 34
9 26
77 36
8 12
49 55
22 99
24 80
5 5
49 54
46 81
5 39
62 90
7 19
7 86
49 19
17 82
79 84
84 99
7 4
53 31
55 38
78 21
93 66
12 19
4 37
79 85
41 30
59 13
3 1
29 15
4 7
95 40
46 68
36 54
4 52
35 61
93 96
85 29
80 78
0 13
80 82
40 93
7 4
5 91
62 16
11 40
38 59
40 1
27 61
3 80
13 78
1 61
86 36
1 27
3 9
85 9
11 97
11 91
5 27
88 90
13 76
62 44
41 73
63 27
33 53
35 35
14 96
10 9
36 72
90 80
12 0
32 73
13 85
77 53
83 2
69 7
4 39
80 33
90 17
79 27
9 69
34 56
63 9
15 77
32 20
41 81
1 93
5 4
36 98
50 46
72 39
3 76
71 47
8 99
62 66
14 60
45 50
3 9
73 45
46 63
29 57
70 89
39 71
20 17
54 86
55 84
49 52
32 69
54 64
95 1
6 8
32 23
85 7
5 28
32 46
92 94
2 56
74 24
74 100
9 4
72 27
23 22
94 82
36 49
63 32
3 10
51 95
96 17
25 77
58 74
90 90
3 96
93 43
27 87
84 22
11 73
73 78
45 52
30 36
10 10
20 21
73 22
59 19
63 47
10 30
96 50
90 75
99 99
8 19
91 47
38 66
71 97
27 98
28 21
53 1
8 80
78 54
58 64
94 9
6 93
7 2
91 36
93 58
48 7
37 89
67 36
3 76
96 94
68 67
9 57
4 7
71 95
54 40
11 4
21 95
30 9
80 99
19 94
0 86
56 91
7 64
83 9
8 2
72 6
42 51
75 66
50 90
0 13
17 37
52 12
57 89
2 1
86 100
4 10
9 76
42 53
72 64
75 1
97 0
76 27
32 70
66 67
33 15
69 1
95 0
53 35
40 68
10 49
7 10
56 42
96 78
26 33
42 51
43 85
53 94
3 21
90 10
7 84
62 44
7 86
39 49
20 61
52 75
48 20
58 63
50 56
7 4
90 3
90 83
60 26
51 58
11 76
9 48
74 76
86 64
92 8
2 35
6 8
3 9
24 98
75 34
47 60
29 18
40 0
22 25
99 54
78 33
30 51
12 91
97 53
41 2
5 8
68 89
64 19
10 81
27 16
12 34
41 15
10 87
11 33
77 37
14 61
19 84
45 41
66 45
10 2
9 72
16 81
26 99
86 1
37 82
10 68
72 34
16 84
87 35
21 14
82 9
10 99
5 2
84 11
45 77
38 80
29 86
5 99
66 73
76 49
2 4
6 53
40 33
27 78
55 97
74 52
92 31
8 3
55 96
24 54
40 23
48 10
81 69
60 41
19 69
64 83
23 24
12 55
75 3
8 3
36 30
46 13
63 15
73 40
68 31
4 37
75 20
10 61
16 42
77 95
39 67
5 7
18 37
83 39
48 2
52 64
29 39
57 74
1 62
86 60
53 18
98 4
33 52
16 54
5 10
87 22
17 20
80 9
70 4
72 77
63 62
42 7
34 64
67 77
45 43
13 85
74 91
83 78
28 86
17 69
6 3
17 76
50 82
6 71
95 10
83 0
36 97
87 9
62 80
97 5
2 2
86 4
93 78
13 14
29 68
7 8
59 77
42 10
73 94
85 99
94 72
26 47
81 7
34 69
52 68
43 51
92 60
66 59
83 96
71 57
20 60
8 9
27 22
10 3
44 93
7 61
47 22
2 72
97 60
90 87
19 43
39 100
39 20
97 16
43 53
44 17
63 74
26 82
7 65
2 2
0 94
37 73
74 82
64 56
7 10
37 44
67 12
32 24
44 93
95 45
8 77
89 69
99 87
52 68
25 73
77 86
49 13
12 52
56 57
36 95
1 68
16 43
9 7
91 48
16 33
8 23
84 65
4 57
92 81
90 2
77 5
95 19
15 38
43 91
14 90
71 37
97 2
87 85
97 89
7 2
74 96
47 65
80 20
62 21
59 55
76 31
26 66
57 37
18 37
10 3
71 33
1 74
15 82
50 84
66 63
57 64
18 52
77 89
58 57
44 30
68 59
0 19
71 31
8 2
48 48
32 36
42 0
15 71
71 42
92 36
0 23
65 93
85 51
95 16
3 8
94 73
69 7
37 69
24 27
88 33
79 94
50 87
97 25
55 69
56 11
65 41
5 2
4 3
81 45
47 98
73 59
60 1
96 9
19 34
7 4
100 39
82 16
79 52
71 41
88 80
1 32
27 32
6 51
28 2
40 77
27 16
5 8
39 88
66 39
59 30
8 82
92 69
53 37
74 63
96 73
50 30
97 72
60 81
96 89
4 55
2 2
66 95
24 76
83 1
6 100
4 9
15 58
38 11
70 93
95 31
44 48
35 37
21 67
62 83
38 100
57 85
65 3
84 34
43 64
9 10
17 19
3 72
90 83
69 91
44 25
49 53
75 52
0 25
67 70
25 96
1 38
75 33
66 96
18 95
42 66
4 41
35 13
100 43
41 72
7 8
66 97
90 46
77 65
51 39
59 70
20 86
19 44
65 73
98 37
65 21
91 92
84 97
61 50
53 0
37 64
10 6
77 18
20 12
23 7
18 32
39 74
74 11
53 54
54 10
7 29
48 2
83 73
45 76
91 82
62 27
100 89
68 66
6 4
64 18
43 58
33 56
85 39
1 0
60 31
27 35
23 96
16 36
95 83
10 4
45 30
4 94
7 41
66 73
95 73
62 4
1 92
77 58
85 19
21 68
65 10
24 47
99 38
4 56
10 6
62 89
54 28
14 80
13 88
65 53
95 46
88 89
27 23
23 28
26 51
3 69
78 16
43 41
62 29
93 7
53 10
7 8
78 54
70 49
54 23
60 26
0 35
4 15
82 4
17 15
95 34
86 76
88 7
63 93
11 23
99 65
25 63
4 3
45 45
77 15
45 77
32 85
30 66
38 85
76 60
5 4
77 61
54 85
7 98
9 93
20 77
91 75
69 51
65 88
71 42
8 10
50 15
13 49
11 25
79 48
50 46
83 30
24 59
68 64
79 20
19 1
45 14
75 80
99 9
54 96
63 79
15 25
40 12
59 69
5 10
20 24
14 72
32 21
43 92
28 85
95 76
31 65
82 91
61 19
70 34
12 32
1 74
44 71
45 27
21 19
5 7
82 92
61 60
18 4
44 12
39 71
7 6
99 7
18 28
61 55
3 7
82 98
26 5
6 7
47 14
87 45
74 26
84 19
73 53
62 13
8 3
74 55
20 17
46 91
80 91
48 11
72 67
2 6
27 44
63 3
24 54
58 22
25 25
69 39
75 62
36 38
7 2
64 45
11 51
82 34
84 72
7 17
71 50
59 50
66 33
76 25
10 10
75 89
30 36
69 95
65 76
100 77
18 87
66 18
56 95
39 19
59 6
30 30
88 3
15 53
77 6
29 97
81 14
51 10
14 35
67 85
4 2
9 9
95 9
72 33
12 71
22 75
53 51
7 92
95 75
83 51
83 73
79 59
92 79
100 93
37 14
60 88
48 0
2 3
23 99
88 10
6 5
71 25
33 29
53 6
16 19
17 75
36 16
52 84
30 83
33 9
1 30
31 84
9 9
70 6
70 79
31 61
66 2
87 79
84 3
89 30
93 97
94 23
61 90
1 35
43 23
83 35
46 57
40 46
11 94
59 87
36 44
10 9
88 58
45 22
5 22
68 49
68 84
26 7
100 1
31 85
57 89
35 95
57 50
61 16
51 61
40 58
85 48
60 28
3 56
9 3
73 61
5 5
67 44
72 6
67 68
53 82
59 12
35 26
96 11
84 94
91 31
38 81
4 4
61 22
35 36
33 47
91 11
80 11
74 86
66 57
8 73
9 7
45 34
44 12
8 64
0 86
40 12
49 44
36 59
45 19
74 16
75 84
24 14
2 60
88 52
73 93
99 40
70 18
4 3
30 53
79 25
11 96
70 6
19 69
73 54
46 43
4 1
25 76
21 18
84 79
59 26
25 23
3 2
51 22
85 39
2 68
4 50
3 48
7 2
48 73
74 13
11 59
33 37
39 25
91 2
31 30
11 82
23 86
5 8
64 27
81 45
13 88
95 12
40 30
35 16
84 36
57 2
29 91
96 2
21 13
2 67
11 82
4 5
26 10
86 31
65 70
53 13
21 85
66 95
36 41
79 76
6 27
2 6
65 98
53 45
90 92
19 82
23 45
0 7
55 72
41 83
8 9
45 8
16 97
71 40
60 77
26 7
72 17
65 59
20 16
71 49
78 18
37 78
16 1
95 86
43 25
6 35
21 76
87 48
4 4
53 96
96 93
30 82
92 11
64 22
89 34
58 35
44 96
8 5
84 31
91 38
94 70
13 48
18 34
71 2
50 42
81 66
92 53
86 67
15 39
78 24
22 15
4 3
16 54
31 35
56 90
41 17
34 46
58 36
2 36
5 10
44 45
59 94
60 55
17 97
39 47
14 20
55 5
81 57
34 11
59 1
23 41
58 85
7 24
20 52
64 34
9 7
79 43
74 44
12 91
24 74
6 47
93 69
20 22
43 72
22 80
9 2
9 67
11 39
81 73
27 3
27 97
25 63
4 10
7 42
72 91
95 64
1 36
31 46
84 59
5 14
64 38
11 32
16 31
20 34
91 75
47 68
52 34
9 7
1 45
76 47
70 82
6 67
15 19
20 34
3 35
8 9
42 60
20 87
71 94
29 33
82 90
75 76
25 96
21 64
5 3
32 59
52 27
90 48
92 84
26 59
73 31
30 66
21 31
4 10
52 24
64 9
77 18
80 11
31 92
92 71
7 9
91 62
54 22
60 56
73 49
41 40
34 17
47 34
2 9
10 100
11 84
52 85
98 14
36 25
55 96
89 63
41 27
10 65
18 57
88 79
8 3
20 91
44 15
86 99
52 9
46 64
17 55
90 13
8 4
33 15
86 6
29 24
3 7
37 100
11 48
42 38
14 18
97 69
0 67
97 65
38 45
56 67
100 30
6 9
25 46
61 16
48 58
85 100
20 16
55 48
66 89
65 91
53 2
12 75
36 47
31 84
44 19
36 98
90 55
10 7
51 60
78 24
51 49
61 38
39 89
75 25
53 24
27 89
37 77
90 7
34 49
49 48
94 97
64 96
66 93
97 93
27 28
6 2
10 0
43 39
11 44
95 70
44 44
87 87
34 81
98 43
4 5
23 51
9 62
38 86
22 71
46 40
42 45
29 17
69 82
7 100
8 3
39 92
15 54
50 68
70 35
80 88
62 92
30 57
52 96
23 37
68 48
51 85
5 7
36 12
82 88
56 53
41 92
51 30
94 6
63 41
31 76
29 22
42 3
21 31
81 11
3 3
40 60
35 63
34 93
64 12
85 62
55 9
8 8
72 76
81 68
5 25
65 97
0 37
96 99
34 78
51 84
4 36
17 41
74 66
31 73
31 27
97 19
14 6
84 32
3 9
71 67
78 48
16 76
24 45
53 16
31 84
1 2
82 41
43 3
13 91
63 41
88 48
8 7
36 57
9 50
5 22
8 97
79 67
43 29
14 62
3 30
42 94
12 99
17 89
33 43
80 96
84 98
33 80
3 7
32 72
43 95
55 61
15 84
89 48
98 42
84 68
27 2
61 65
100 89
5 5
88 66
74 69
93 38
72 47
96 76
12 59
63 94
100 24
71 91
56 48
9 7
89 78
18 73
6 43
61 57
69 20
83 57
3 33
19 30
78 55
41 100
7 87
88 13
26 48
100 82
88 98
9 46
3 3
75 17
64 32
77 37
2 11
33 47
45 1
8 6
76 87
90 83
39 44
78 28
5 22
21 54
73 26
71 88
15 22
3 68
41 23
0 8
22 47
24 65
4 9
60 85
38 59
95 52
3 11
32 83
49 5
51 2
73 69
9 45
47 88
78 36
18 9
99 45
8 4
88 34
42 65
83 18
44 48
38 11
35 77
70 36
53 67
20 79
81 1
29 28
11 29
6 10
99 41
68 90
87 43
40 53
22 36
82 0
87 95
70 9
77 49
67 12
55 61
44 22
23 96
23 14
58 80
14 50
3 2
85 89
100 47
77 46
12 85
62 87
3 8
14 43
53 98
42 31
11 98
19 44
21 6
88 87
32 94
72 26
21 70
20 66
7 4
33 56
18 88
70 56
38 41
16 52
3 35
77 82
20 59
25 99
53 8
83 35
10 5
47 19
24 62
22 29
49 10
2 55
83 72
71 38
96 21
88 48
75 11
6 87
52 49
64 84
87 54
54 30
3 6
71 19
68 44
80 14
83 36
94 21
1 16
29 41
57 4
60 80
5 7
84 54
26 1
73 11
34 11
29 21
5 74
72 85
43 56
36 99
68 33
46 44
13 37
9 3
17 54
73 54
48 34
73 92
71 62
99 41
85 29
40 9
64 81
60 73
0 55
45 84
4 4
4 84
75 12
30 61
71 5
22 65
42 62
18 39
72 29
7 4
78 6
99 82
58 53
31 49
27 63
59 6
73 9
97 55
34 44
70 90
20 42
10 6
57 46
19 37
72 41
25 49
46 25
46 6
60 100
74 60
38 12
14 19
84 25
33 66
25 79
3 76
15 52
82 89
6 9
39 94
67 17
56 43
55 96
47 27
14 53
17 66
0 7
45 9
26 6
83 87
55 24
12 84
2 65
52 11
5 4
40 98
77 40
59 18
83 86
56 17
41 60
35 45
41 74
27 76
2 5
12 8
84 82
57 84
100 7
48 69
53 63
78 81
10 3
53 2
4 98
83 22
36 11
51 16
10 72
15 72
19 83
77 63
85 70
53 39
23 47
66 44
7 3
33 40
11 29
2 79
82 85
26 95
66 25
16 20
11 1
13 1
78 42
6 3
83 51
90 65
67 39
1 45
33 74
33 0
32 32
13 69
60 8
4 3
74 54
45 53
8 82
39 54
80 7
36 81
27 2
5 3
73 46
61 65
39 61
56 55
42 62
47 31
35 77
38 25
10 4
36 4
44 68
57 62
100 3
67 59
90 64
6 67
31 42
18 46
72 72
94 21
91 71
12 89
42 28
6 5
98 55
55 30
95 9
45 83
52 36
35 18
0 1
45 26
76 97
81 27
56 17
9 10
6 86
96 80
67 22
15 87
10 58
6 78
60 4
97 53
85 76
20 35
48 85
94 39
5 85
38 92
70 48
32 10
59 88
9 42
91 2
4 7
57 63
8 47
87 26
13 1
1 54
78 30
28 3
76 79
93 37
4 32
84 31
4 10
65 84
82 100
43 96
68 3
90 26
44 71
40 19
78 0
94 13
98 41
59 49
16 64
1 11
46 74
4 10
26 25
92 22
80 9
13 82
65 57
99 19
69 71
41 77
90 2
10 44
3 36
87 42
11 72
66 88
10 3
51 12
63 21
57 94
43 24
25 34
93 30
90 26
37 21
49 44
71 94
79 8
4 93
1 51
7 3
83 12
20 93
54 84
7 6
66 75
81 75
6 61
25 13
36 91
64 47
10 10
24 64
29 24
30 85
21 35
67 42
82 79
93 50
55 54
52 99
74 25
79 64
63 17
31 71
84 37
33 88
29 26
90 60
40 25
49 99
89 34
6 3
56 64
97 18
9 41
84 19
26 63
52 15
60 40
0 84
56 81
10 8
99 62
44 34
80 57
76 56
59 37
40 13
16 1
98 78
28 98
55 37
16 65
28 95
56 13
17 80
24 74
100 41
23 62
87 86
10 5
28 47
13 11
13 13
94 38
20 34
4 98
25 23
41 74
25 76
12 43
33 90
64 59
53 75
54 57
63 9
6 5
58 72
99 53
52 35
79 75
57 35
8 65
75 8
56 41
50 3
84 60
96 41
10 9
10 26
92 49
36 57
14 10
19 3
26 72
55 60
69 25
83 54
40 42
63 99
56 92
1 42
16 69
28 97
39 38
38 59
99 57
39 86
6 5
41 29
68 72
51 75
13 49
100 1
13 20
71 64
67 0
68 33
26 12
49 41
10 7
48 54
65 57
68 8
58 70
42 54
18 63
37 25
71 78
89 20
22 14
3 6
42 55
80 69
15 94
3 0
7 67
67 18
8 7
72 78
3 77
44 61
5 73
7 35
54 18
78 63
89 43
22 100
3 49
77 16
0 49
0 65
64 17
71 4
2 8
39 76
30 78
2 41
67 33
61 97
70 54
56 62
50 30
45 13
29 96
9 3
87 86
68 27
55 2
52 85
84 72
20 5
67 45
9 72
22 20
64 19
95 44
26 16
4 2
94 39
79 45
11 91
69 97
87 5
51 2
8 6
84 44
71 96
27 4
19 59
58 81
60 19
86 64
14 38
31 57
7 94
84 90
76 41
41 92
58 25
4 7
11 7
10 3
34 83
29 71
56 1
32 6
86 36
100 37
64 51
85 74
42 63
3 9
12 3
96 65
89 9
52 22
24 85
11 78
19 53
44 72
77 1
68 72
60 25
95 90
3 2
74 91
97 47
98 75
88 55
95 86
10 8
25 69
9 62
80 63
48 69
80 79
34 20
39 16
45 97
26 12
6 80
43 1
35 63
82 6
15 39
60 38
34 23
86 73
14 95
5 9
45 85
19 68
35 58
44 59
59 82
59 52
45 37
100 94
88 67
24 53
42 35
35 52
67 29
80 39
5 8
62 87
68 98
79 25
18 98
39 0
52 50
14 6
70 3
76 80
17 72
96 52
37 53
78 69
9 8
40 1
47 66
21 16
66 55
98 28
20 62
69 68
0 45
54 25
89 45
83 84
43 75
16 82
13 28
4 7
48 88
12 65
8 9
31 30
51 82
2 32
22 65
9 42
57 29
62 43
17 50
41 54
48 83
67 54
87 27
60 78
63 3
61 90
89 28
88 3
2 4
77 17
21 15
21 72
45 30
33 9
39 63
7 6
72 95
49 42
74 43
30 36
87 23
76 33
46 22
81 68
94 93
36 73
30 41
70 100
61 45
3 2
6 62
15 25
11 98
71 61
27 54
5 6
85 50
56 14
18 41
3 6
34 17
77 23
80 16
67 28
19 80
38 55
85 15
5 2
98 15
69 66
5 84
30 44
8 7
22 99
20 9
9 10
56 27
6 84
40 0
31 98
82 4
4 9
38 57
65 23
61 32
80 0
32 56
25 58
29 70
59 9
92 30
64 49
77 5
62 97
90 7
10 5
69 37
72 50
69 5
55 24
35 0
57 90
52 75
49 68
46 30
53 21
24 36
92 8
80 95
5 80
84 50
4 4
52 4
35 9
20 47
42 57
95 54
2 84
93 43
70 93
2 2
15 74
23 69
57 53
80 15
8 2
12 39
42 81
77 51
32 97
63 36
73 81
3 92
41 98
74 20
91 35
9 6
22 64
92 16
14 2
38 83
20 8
88 13
49 99
81 31
55 33
28 90
84 37
30 49
79 41
89 11
29 83
3 10
40 47
48 44
65 70
83 65
0 81
2 93
61 53
65 85
77 46
100 8
54 88
62 57
2 73
7 10
26 34
99 100
10 95
15 86
23 6
77 73
36 96
91 70
38 93
99 71
48 84
75 36
20 9
36 5
48 39
55 11
100 26
4 4
97 55
15 13
61 3
41 29
53 96
33 85
99 88
92 52
10 3
79 39
15 65
17 45
16 93
52 81
76 18
89 96
21 85
28 8
55 45
56 4
21 34
40 53
5 5
77 32
23 5
44 100
6 10
92 67
73 32
32 90
82 22
79 25
85 94
5 2
40 84
31 63
83 51
65 10
50 72
43 88
37 98
2 6
100 7
85 65
83 53
8 92
50 99
76 79
74 72
5 12
6 9
95 55
9 96
52 83
95 23
62 1
4 4
10 75
47 19
31 68
86 23
78 35
63 91
2 94
6 54
6 0
7 3
25 26
45 23
96 100
59 98
17 36
73 63
42 17
83 81
34 31
15 78
8 5
96 29
97 66
84 12
14 43
33 51
45 35
30 12
17 32
62 87
66 35
71 63
31 17
4 65
10 7
94 8
100 52
7 10
34 3
52 79
42 23
23 25
3 10
51 22
12 9
51 83
54 100
56 46
59 66
89 3
52 89
73 31
6 3
55 39
23 42
16 41
87 15
23 20
83 96
65 83
2 3
71 35
2 6
63 93
83 42
33 67
62 2
47 31
92 22
54 19
29 32
9 8
50 65
27 5
61 49
0 66
28 75
43 70
42 13
25 60
29 12
49 99
56 27
2 25
57 94
32 12
18 7
40 55
17 95
3 9
82 44
52 26
37 32
70 94
33 92
56 70
63 99
73 81
56 15
78 0
31 97
15 16
2 7
49 74
98 40
49 62
92 50
38 67
33 8
60 28
38 92
87 51
7 7
7 64
13 68
28 99
72 35
27 56
50 21
20 33
73 40
60 33
86 49
6 57
62 60
96 90
89 38
3 6
65 33
98 43
25 88
69 66
47 52
82 54
33 15
74 41
14 38
4 5
71 60
60 24
90 9
70 60
38 24
20 10
96 68
8 61
91 7
4 4
79 31
94 50
44 88
43 50
55 18
64 4
18 41
55 81
2 5
23 16
33 55
49 13
95 48
89 43
45 97
34 22
7 7
31 79
70 56
59 88
55 43
54 25
66 34
100 54
36 48
48 48
17 78
34 53
88 45
31 22
22 5
5 10
53 89
79 74
93 65
29 85
25 21
54 99
53 81
29 18
44 93
3 2
68 60
31 90
87 77
48 10
77 64
9 5
40 87
9 0
41 91
53 5
54 29
35 43
65 11
20 68
50 40
54 88
12 72
60 35
29 13
8 4
9 6
32 24
0 40
58 49
68 19
88 89
2 32
45 97
16 60
73 31
38 100
14 57
65 42
22 43
30 83
57 45
4 7
97 85
95 31
83 13
77 63
10 6
26 73
93 3
32 72
34 70
62 43
1 61
6 5
71 79
51 56
94 44
31 80
74 38
22 68
99 36
99 42
96 86
34 51
45 60
3 5
42 92
73 18
45 88
87 49
85 91
4 8
83 85
99 10
4 10
49 51
29 20
60 90
57 0
70 30
8 91
4 49
53 76
40 14
75 34
68 60
67 26
49 98
42 99
10 7
72 66
30 36
61 76
13 7
86 6
22 53
39 79
20 64
45 58
9 86
81 93
8 87
8 74
70 47
75 28
24 73
34 99
6 5
72 26
42 45
17 57
17 82
67 25
21 57
8 47
80 21
9 46
80 15
30 83
8 5
85 45
25 13
9 72
22 71
80 49
1 48
82 98
15 54
86 67
59 99
2 67
1 22
38 78
10 7
17 42
97 55
39 72
21 31
13 5
94 57
0 36
98 61
3 9
88 97
73 91
51 74
64 81
56 80
91 40
1 55
93 63
3 3
54 88
62 74
41 23
13 43
96 24
32 50
6 8
17 21
12 68
13 22
83 85
2 44
79 27
72 50
56 6
25 98
16 76
88 92
26 9
100 34
57 94
3 4
90 64
87 77
77 45
23 69
23 96
85 62
70 12
7 8
34 19
96 25
59 23
30 67
56 55
12 18
5 76
79 13
29 51
30 98
14 92
2 14
56 67
97 89
19 14
5 3
48 8
38 57
22 90
68 19
69 20
30 41
24 53
50 93
6 10
98 35
49 42
33 42
4 21
38 90
52 41
1 14
89 58
56 39
8 2
89 60
9 67
81 39
76 16
49 7
40 100
2 10
97 80
37 78
51 39
79 65
50 35
73 74
17 90
65 82
33 45
82 80
86 73
68 31
4 10
16 70
93 13
88 19
76 28
71 72
93 95
74 36
34 98
57 72
27 47
17 45
56 52
94 54
6 24
5 6
67 100
72 89
74 82
83 57
95 40
0 83
11 51
11 93
33 35
59 19
43 8
6 8
92 89
86 9
57 15
44 37
34 21
48 80
38 98
0 88
36 52
69 22
37 42
6 59
33 19
40 56
1 3
79 65
51 38
93 99
61 21
5 4
40 92
96 19
45 5
98 65
48 18
5 41
52 52
50 81
94 75
10 3
54 58
54 0
83 69
40 96
45 76
68 87
52 95
35 16
30 53
99 14
18 17
3 60
93 22
2 10
62 3
99 15
86 73
48 86
60 60
67 38
85 70
16 88
13 57
75 23
37 66
43 94
9 7
29 2
20 10
32 95
45 42
8 77
32 59
88 22
6 16
94 48
95 18
70 89
45 3
81 0
85 91
37 87
83 85
4 7
32 88
98 43
74 52
65 79
33 49
16 38
48 27
18 49
87 60
52 0
4 30
9 8
6 19
75 52
56 60
1 26
8 53
68 16
66 48
74 23
22 71
56 39
22 23
3 9
45 69
97 25
82 96
88 75
45 42
6 8
19 30
82 43
36 69
55 58
11 70
100 19
55 51
62 100
47 16
80 57
31 66
37 50
67 93
27 76
8 6
85 29
34 13
70 96
55 72
64 14
2 98
88 98
24 80
93 9
78 43
49 88
92 88
45 48
9 27
10 7
14 50
75 75
25 21
24 55
55 27
87 13
3 33
97 93
4 46
56 27
60 65
38 57
47 17
95 78
17 42
24 78
91 4
7 7
73 66
41 49
51 94
23 42
23 4
10 19
3 33
95 71
99 24
87 45
60 29
94 10
58 51
94 65
9 10
89 3
63 60
20 5
73 4
87 71
7 25
86 71
37 52
70 11
22 26
10 13
61 99
46 3
17 50
17 73
87 58
14 36
84 68
18 87
5 4
47 17
45 22
71 20
95 79
53 67
54 100
86 80
46 100
25 95
3 3
80 93
85 68
23 22
40 7
54 81
35 24
7 4
89 86
59 70
18 93
97 87
61 84
86 92
78 12
12 12
41 2
26 14
42 42
5 7
99 97
59 80
26 1
74 49
28 32
10 0
81 18
52 48
97 83
16 64
21 36
6 47
4 5
74 59
39 15
64 85
60 51
38 40
95 78
62 66
27 67
79 27
9 10
40 66
74 99
8 12
83 34
1 40
48 19
35 5
16 2
95 97
15 25
16 39
29 45
61 16
62 72
67 24
75 30
85 89
19 83
87 4
4 6
18 54
94 31
91 83
8 16
31 61
85 45
52 53
100 24
73 30
85 78
5 8
61 6
27 12
63 63
2 75
83 11
60 51
1 54
43 80
58 27
95 10
39 83
50 38
73 4
5 8
81 21
74 83
100 0
75 12
78 1
7 3
42 58
66 28
20 92
86 54
29 22
44 26
57 63
7 2
78 20
90 5
85 88
25 67
42 85
60 65
82 36
24 64
32 82
5 5
35 53
54 7
28 56
90 87
79 26
26 85
77 32
55 92
53 83
53 60
7 10
21 89
21 79
22 60
40 20
6 79
95 21
43 84
41 66
66 9
20 87
4 23
87 16
35 3
15 74
44 47
94 72
55 85
10 5
76 67
1 91
60 61
85 6
40 35
23 61
13 75
94 2
16 97
57 40
73 87
8 57
67 65
29 75
83 17
4 10
88 87
0 77
84 55
58 19
79 27
86 2
18 70
76 26
8 13
94 93
76 34
86 44
64 9
66 84
8 2
20 57
35 68
23 62
59 42
32 47
39 41
100 47
38 23
5 42
62 20
9 8
100 81
98 46
78 39
77 42
16 76
2 41
15 80
6 58
76 64
39 70
93 19
39 76
33 5
35 50
86 74
55 48
65 72
4 5
92 63
16 36
33 54
7 37
35 32
1 99
82 61
97 22
8 69
6 7
35 34
31 90
4 18
96 94
65 83
80 67
98 32
40 97
73 57
27 59
32 46
5 38
21 62
7 3
80 26
10 14
69 71
48 70
58 87
80 63
61 66
7 39
54 18
100 91
8 7
20 65
94 74
30 1
60 53
47 98
24 91
11 88
26 37
13 56
89 50
63 40
8 36
71 47
54 17
89 36
3 9
58 99
30 2
34 91
87 20
48 62
91 99
69 55
94 45
20 85
99 58
83 59
44 55
3 6
28 50
54 85
22 49
93 33
35 78
10 1
28 10
35 77
0 11
9 7
35 22
91 7
15 31
79 33
26 27
4 51
32 62
70 95
6 11
23 40
45 52
68 21
90 47
55 19
32 59
39 86
4 7
57 89
0 59
28 11
7 78
64 58
56 23
25 33
53 85
52 91
72 17
58 39
10 8
67 9
40 9
62 46
25 5
88 79
21 46
78 75
84 30
31 28
58 100
18 56
14 77
73 68
67 61
78 64
44 40
72 62
91 94
9 2
3 14
36 77
20 96
55 70
85 89
52 74
62 92
41 86
84 4
66 69
7 2
7 6
52 2
70 56
68 18
18 38
75 85
89 61
35 76
38 89
79 70
44 41
60 68
70 38
48 56
3 4
92 95
23 84
93 95
53 96
7 67
75 29
22 92
10 4
92 8
27 28
5 55
43 52
84 87
79 18
59 20
32 26
98 25
17 53
25 60
43 94
72 31
90 50
2 8
4 13
69 32
41 5
57 37
51 16
8 68
13 52
79 19
59 10
56 51
5 10
46 3
50 26
15 49
94 7
29 36
90 1
72 60
82 16
89 80
27 55
5 99
45 59
52 44
59 21
35 32
6 4
93 0
42 95
10 94
4 95
79 30
24 2
40 47
5 38
69 54
91 17
3 7
92 44
47 25
66 99
25 65
72 10
20 12
62 67
91 36
43 76
96 90
10 3
86 24
7 53
84 49
21 90
83 5
57 10
34 72
76 2
93 55
92 31
42 96
67 11
42 52
8 4
58 93
90 6
59 12
52 47
21 70
22 37
38 20
6 92
32 41
37 36
51 91
35 46
10 7
98 100
70 24
24 40
25 78
54 100
69 3
79 90
44 60
19 6
95 34
46 82
90 47
26 68
82 38
66 73
60 28
83 57
8 8
16 96
28 62
70 63
48 65
20 36
36 10
22 72
80 25
35 62
62 95
55 53
68 20
65 38
49 28
82 67
42 74
6 8
22 33
8 61
69 24
55 5
39 56
37 91
24 45
11 6
39 5
79 49
9 30
76 63
42 81
0 50
5 10
34 42
38 63
22 90
27 18
21 57
96 99
57 85
94 80
90 56
80 70
31 77
40 38
13 84
0 88
96 62
6 9
17 0
18 21
29 10
76 78
41 46
99 44
43 3
87 47
12 97
68 94
84 22
53 34
51 94
0 55
78 90
7 8
87 4
51 35
48 80
49 35
6 33
60 74
31 69
48 87
9 63
54 98
57 96
75 76
83 74
42 91
15 14
10 8
36 34
3 57
47 93
38 11
50 65
53 74
89 60
96 28
38 36
41 75
84 42
77 64
54 34
68 9
68 16
95 0
23 91
22 44
5 6
94 66
59 46
23 82
96 96
82 81
35 25
55 20
5 4
77 75
32 22
85 17
9 3
61 52
97 89
73 86
61 36
30 85
62 17
59 43
44 9
64 93
74 83
43 10
68 78
4 3
67 26
65 59
65 82
15 31
60 98
41 85
5 28
9 3
71 5
67 87
53 47
63 36
18 93
68 63
11 49
12 10
10 52
51 12
53 23
60 37
8 3
43 87
56 37
68 59
98 6
62 62
90 1
65 45
36 92
82 27
92 48
72 1
5 3
93 46
66 25
25 73
33 28
98 74
15 75
48 79
0 21
2 4
25 85
22 16
98 87
53 92
24 56
57 87
2 4
64 56
5 77
1 27
8 49
58 49
91 99
4 9
46 25
17 30
71 28
52 52
22 88
27 95
23 86
60 30
78 69
91 76
53 35
18 53
9 17
10 2
90 54
69 44
49 99
75 52
50 57
20 17
43 46
96 97
98 38
22 64
76 89
79 75
7 9
95 92
82 31
12 37
20 61
74 12
45 39
34 29
51 78
75 74
28 66
81 28
78 14
81 78
9 72
54 22
12 41
2 6
8 74
45 38
15 7
89 0
59 43
7 69
68 90
70 83
10 8
85 97
6 94
49 55
0 49
63 100
19 64
31 6
22 29
37 90
72 67
40 53
34 72
44 25
90 33
15 76
27 100
46 49
39 70
9 7
38 0
96 40
57 30
46 66
75 44
60 88
64 16
2 37
83 91
2 73
91 7
67 84
24 56
51 32
63 93
89 39
6 2
98 59
46 65
29 39
50 33
79 71
92 33
27 52
63 46
3 4
61 77
86 61
71 87
11 60
33 92
33 13
22 48
8 3
68 29
40 85
6 27
71 29
67 23
17 27
23 78
35 13
25 53
1 75
88 72
2 10
77 44
7 99
81 30
14 53
69 31
32 81
97 25
16 75
86 23
41 53
76 60
93 35
3 9
53 70
7 88
24 46
75 83
43 96
54 58
38 80
16 26
35 19
73 11
35 56
77 61
9 2
71 68
89 53
1 51
13 20
68 96
25 59
77 99
28 34
68 99
92 90
65 50
2 3
41 65
15 55
51 6
5 65
0 1
5 6
91 12
78 29
21 68
68 52
2 1
9 14
5 17
63 9
48 39
74 8
71 19
10 2
71 72
21 54
30 41
11 21
69 68
94 57
98 92
97 73
91 58
41 57
68 74
23 31
2 10
10 61
2 100
19 12
43 96
63 8
10 95
4 40
19 11
43 97
78 84
7 24
28 51
6 4
49 80
94 13
22 1
4 70
86 96
86 48
64 83
68 37
41 83
70 100
7 7
14 45
1 87
97 5
31 97
90 59
19 8
86 31
74 35
24 21
100 84
9 92
64 86
48 59
94 61
10 5
1 69
31 36
94 97
31 25
23 32
50 60
6 65
45 69
8 89
44 15
77 50
68 10
89 88
34 19
42 88
3 6
94 11
31 65
62 4
14 94
16 48
17 28
83 90
32 35
36 38
7 6
63 57
26 88
48 78
49 60
81 7
34 80
40 76
79 43
13 22
54 26
36 1
46 74
74 2
10 5
68 59
57 54
28 51
22 19
69 91
94 40
80 60
71 33
35 36
9 69
19 72
15 27
69 3
7 35
75 96
7 8
78 56
11 20
37 89
39 2
76 11
28 63
94 59
41 25
96 70
16 60
55 95
97 38
24 1
62 94
36 33
3 3
43 41
29 25
87 8
81 57
26 61
77 33
9 9
34 44
60 5
0 53
42 47
58 27
38 72
60 16
30 33
30 54
7 91
32 80
83 87
69 78
85 86
50 62
38 70
65 28
28 34
4 8
29 53
73 23
54 33
98 11
84 89
81 24
14 59
3 90
21 32
56 36
97 28
16 14
4 6
23 64
46 43
11 23
25 83
81 57
40 72
99 28
40 1
18 8
10 55
9 4
80 35
72 82
42 3
0 55
21 25
93 94
50 32
20 59
64 57
15 8
46 74
91 72
58 11
10 2
79 72
3 58
51 32
85 36
93 39
43 99
48 64
68 64
24 4
90 67
51 18
79 17
5 3
13 98
7 49
30 62
93 75
90 52
94 41
41 99
35 19
2 6
59 59
49 68
43 88
56 43
58 57
64 80
22 31
69 74
2 10
61 42
57 75
80 51
71 82
97 25
100 77
8 53
72 45
1 87
68 16
100 85
73 38
6 2
37 76
31 59
96 98
77 72
22 65
14 35
44 95
28 16
10 5
7 25
47 80
51 42
36 78
100 52
80 43
92 16
17 5
52 68
74 86
93 32
73 41
92 85
41 2
20 64
3 8
45 20
50 4
59 13
50 52
97 3
72 97
63 40
47 53
36 24
94 38
79 74
2 7
77 68
39 77
60 44
58 49
4 81
4 4
89 3
44 39
63 13
7 10
51 89
20 67
74 3
84 1
68 58
79 18
83 40
28 100
37 14
16 95
76 97
23 61
47 58
4 41
5 18
80 10
35 54
6 7
63 9
88 45
47 11
6 31
31 28
6 83
77 0
60 14
39 94
79 81
75 22
22 34
7 22
6 10
17 5
12 88
53 16
49 87
70 65
46 50
54 27
7 21
22 5
98 76
80 23
30 88
14 33
17 35
69 22
71 77
7 8
73 79
74 14
4 62
64 2
12 83
92 2
27 24
45 22
85 27
84 9
71 34
52 6
51 97
68 42
86 16
10 6
24 91
24 94
28 54
69 100
1 70
65 65
34 9
44 25
99 33
85 7
5 54
39 35
53 74
94 47
10 41
11 50
6 4
57 3
59 53
11 44
38 13
95 56
19 30
23 10
2 76
41 58
62 13
9 8
25 51
89 15
91 36
33 91
0 95
35 33
42 63
43 96
65 51
85 7
37 40
28 29
35 52
98 52
59 27
43 36
91 31
2 6
51 52
25 15
61 19
16 92
34 5
27 56
0 45
11 80
7 7
28 12
26 69
26 43
33 39
49 36
2 1
55 40
91 9
65 82
80 23
53 83
59 45
19 81
6 45
7 6
4 66
7 0
83 49
35 16
66 44
39 98
74 73
74 13
77 87
34 93
19 66
60 22
42 23
2 2
96 69
20 43
81 58
63 54
2 4
39 30
98 41
85 35
25 50
85 79
71 58
8 5
41 24
71 38
42 87
5 29
17 78
91 25
20 76
50 34
47 65
49 20
47 90
94 98
9 83
8 10
20 79
0 22
85 10
42 59
34 57
78 81
46 67
73 44
97 97
80 41
20 16
47 100
75 83
11 93
35 100
8 92
36 61
100 69
6 7
41 93
78 67
23 68
14 76
65 93
64 40
75 37
5 5
84 18
5 69
57 60
90 75
34 46
4 4
3 61
98 50
40 90
52 77
9 7
32 87
18 86
58 31
5 4
11 7
38 22
92 93
81 64
16 32
58 22
14 38
62 92
97 13
2 4
12 58
18 38
5 70
29 90
83 11
92 25
9 7
0 92
62 77
73 61
33 81
12 38
14 44
25 4
17 71
61 59
92 53
5 11
14 2
22 22
92 73
19 1
40 72
3 5
73 24
78 62
27 90
95 94
21 36
34 76
69 52
15 89
9 4
12 82
19 97
93 33
22 0
21 47
25 13
85 15
29 91
67 44
35 20
41 57
63 1
6 17
7 6
13 56
98 42
60 17
54 54
17 5
65 3
24 30
15 41
96 52
31 94
1 53
41 43
25 11
10 6
86 9
41 60
51 19
30 66
85 100
29 71
77 0
66 6
33 44
100 45
30 96
56 20
15 50
64 67
77 21
68 12
4 2
95 79
75 44
90 14
71 78
73 81
51 50
8 8
35 94
45 53
50 77
75 89
64 31
46 35
29 51
67 10
76 24
75 8
100 42
52 34
1 16
24 39
27 53
92 66
9 8
80 83
89 76
49 61
28 39
49 73
77 16
90 32
54 11
72 45
65 2
89 59
57 61
84 39
93 71
93 51
78 82
56 80
10 3
34 16
84 54
100 98
88 63
45 58
87 31
10 35
79 34
14 54
83 70
15 55
81 8
83 82
2 6
11 46
38 63
33 3
25 72
39 62
2 42
55 41
55 53
3 6
33 3
71 19
27 6
39 75
65 77
16 13
35 54
94 22
28 63
8 3
72 34
31 89
21 5
20 22
47 8
13 42
20 68
91 6
86 49
95 71
29 62
9 6
27 23
99 14
62 33
8 24
76 77
4 9
72 37
17 75
9 82
56 45
78 70
43 93
12 38
84 81
57 30
2 8
45 3
24 48
41 49
69 46
7 50
64 22
40 96
22 50
35 55
28 92
7 8
82 33
32 0
9 25
6 5
90 18
29 43
23 30
49 85
28 70
100 48
15 74
93 82
40 49
8 4
29 31
4 2
8 83
42 97
100 56
8 46
34 99
6 52
10 4
0 92
10 5
63 59
50 33
29 90
49 11
89 41
87 5
65 37
37 57
80 46
3 86
66 57
16 70
7 2
32 4
85 5
15 11
76 45
85 49
8 84
99 34
5 2
1 61
3 4
55 83
61 77
50 47
73 4
25 69
39 11
31 64
4 5
35 73
4 91
37 79
75 31
88 16
11 51
78 91
4 27
22 0
2 1
90 89
32 14
18 28
10 3
27 0
96 77
53 22
64 40
10 73
73 34
34 68
53 30
50 21
93 64
54 58
69 75
100 54
7 10
8 18
76 12
24 88
89 26
64 8
30 52
9 11
87 30
86 77
3 14
85 32
89 24
98 5
72 14
6 5
54 34
54 77
3 4
7 81
41 12
63 2
91 17
20 66
42 51
41 80
6 8
19 48
67 71
86 17
81 73
40 31
41 56
98 30
2 2
77 89
52 1
30 83
31 27
75 33
66 77
2 7
86 60
5 99
22 1
21 1
58 32
77 86
79 34
16 31
81 76
3 3
38 48
86 79
49 54
36 6
93 29
24 67
8 5
98 73
3 13
87 97
85 77
83 60
63 22
28 98
96 22
1 92
73 6
27 47
64 68
38 1
9 3
55 30
30 60
5 27
28 49
74 13
19 27
74 37
37 19
44 60
58 100
98 16
68 83
10 8
0 50
52 18
86 83
14 51
36 68
95 64
74 82
48 10
55 39
20 1
44 80
5 25
91 3
91 67
99 0
74 94
61 25
100 94
4 5
63 93
89 35
46 90
55 37
0 90
53 75
10 98
50 21
56 33
4 4
99 77
97 17
7 42
28 81
6 20
24 88
27 27
49 6
3 10
56 87
15 72
91 77
20 4
97 33
22 80
99 16
67 3
50 29
69 51
58 47
49 9
37 37
7 9
81 16
22 47
81 67
20 58
13 44
74 48
68 56
40 37
26 47
44 24
1 37
70 1
100 41
41 4
90 31
43 8
6 8
51 78
50 56
3 78
4 87
14 76
84 92
57 46
93 50
11 8
67 5
44 12
70 30
12 61
65 8
9 3
76 85
0 39
0 34
61 96
46 72
39 9
73 10
64 39
59 27
98 79
29 34
86 64
5 8
82 69
25 30
6 92
96 22
80 8
38 92
95 86
27 90
25 49
34 63
85 68
15 97
39 79
9 9
81 20
32 35
81 61
23 27
42 23
34 53
9 10
69 53
18 81
85 99
88 9
96 1
41 66
26 45
77 1
67 5
41 49
98 80
10 10
36 17
66 74
75 54
61 48
67 99
85 5
33 48
98 61
87 28
64 36
63 94
51 30
95 84
57 8
60 94
80 8
27 4
51 50
93 27
69 84
6 8
95 56
29 12
63 10
21 37
21 47
8 39
10 5
46 16
81 19
88 34
60 48
57 99
87 78
35 60
3 6
40 40
11 3
19 28
80 79
53 25
98 1
41 18
61 99
38 59
9 7
12 53
40 90
13 11
43 68
100 92
79 82
56 80
77 67
92 1
65 7
20 97
16 76
1 26
92 65
11 48
34 5
9 3
88 71
20 54
16 42
9 15
36 68
81 93
18 90
17 3
58 84
80 88
1 70
86 34
3 7
56 65
35 78
47 24
5 73
40 19
50 91
49 71
39 53
44 66
99 20
7 2
27 13
87 6
62 77
40 51
8 78
90 2
48 15
18 13
56 10
7 4
68 97
80 92
15 68
61 13
29 5
81 46
71 1
3 14
94 14
23 89
56 47
10 5
82 90
85 28
13 67
66 49
44 68
92 55
70 5
11 3
59 25
76 67
41 57
35 11
30 92
31 49
79 77
4 7
22 94
36 14
11 45
20 90
71 47
65 45
1 14
58 3
14 86
21 7
78 44
5 4
99 29
29 72
35 73
7 29
50 42
50 37
65 31
28 75
7 15
7 3
12 3
44 19
70 26
92 77
33 59
15 31
16 10
60 9
55 0
50 27
8 6
77 93
35 44
32 0
31 75
94 98
61 38
82 13
94 27
87 17
45 72
36 90
36 30
41 52
53 85
3 2
17 10
43 14
8 89
0 19
70 81
10 2
43 64
73 88
91 87
22 50
80 43
52 4
75 34
23 72
36 52
95 19
47 51
96 30
4 6
21 75
54 84
19 67
45 8
56 35
9 44
15 0
96 89
68 89
12 92
8 5
47 22
6 63
90 76
59 54
62 12
58 50
24 65
80 87
58 33
23 4
99 97
17 65
9 96
6 8
82 22
67 37
8 9
19 1
52 32
22 35
72 64
9 65
32 88
28 67
36 57
17 31
40 30
24 18
9 7
18 91
19 48
85 16
42 86
6 74
78 86
7 38
74 19
57 16
37 21
65 89
49 5
76 80
14 40
71 17
88 3
4 2
22 42
17 64
38 66
80 54
79 7
70 31
2 6
62 70
45 2
76 67
55 100
95 24
30 0
19 8
40 64
4 5
99 22
49 98
55 4
28 12
45 59
68 13
30 14
93 5
36 75
9 4
66 57
13 17
84 16
34 28
71 97
75 8
29 85
76 82
86 10
79 27
80 62
41 12
65 55
9 9
63 56
18 19
5 7
57 90
74 100
21 70
82 66
73 91
26 86
9 6
52 92
62 98
35 15
76 2
45 77
38 12
71 71
16 61
10 2
81 69
49 52
13 99
28 61
12 45
64 72
17 8
84 38
74 19
10 68
97 71
29 80
10 5
5 91
31 30
77 53
47 3
27 80
89 69
18 84
43 21
19 83
96 40
8 97
17 54
17 72
59 7
45 79
9 4
16 33
88 93
92 9
99 81
48 66
21 64
55 62
93 8
13 48
40 54
19 95
29 54
62 67
10 10
14 60
53 84
12 98
22 44
10 28
69 22
80 57
14 10
53 48
79 69
74 14
73 5
91 31
40 100
96 52
58 31
6 66
80 52
7 40
81 87
4 3
65 54
73 23
27 50
17 78
68 74
1 18
34 64
4 9
91 74
24 78
90 33
80 55
53 92
63 65
13 83
45 19
68 13
20 84
7 26
26 0
31 2
2 10
42 30
56 52
8 34
84 34
35 50
33 28
12 54
84 76
0 72
64 89
62 97
48 20
9 8
30 80
70 45
75 9
0 66
19 18
87 3
35 76
41 6
89 80
65 45
60 30
72 27
81 10
28 36
74 30
20 77
96 23
4 10
9 69
76 30
70 82
38 17
89 16
11 93
40 67
44 58
56 17
33 6
11 21
31 54
82 84
64 36
4 6
23 98
67 62
85 72
70 68
18 54
83 8
92 6
8 87
83 90
96 56
5 2
93 86
53 90
17 41
31 59
43 45
94 64
22 83
4 3
66 43
59 18
66 24
21 7
14 59
79 17
84 79
2 8
31 58
57 40
60 39
55 15
70 74
80 31
88 57
96 26
31 63
100 88
7 4
61 25
60 77
48 95
75 48
8 92
54 18
51 42
54 27
45 74
3 66
63 40
2 10
37 55
26 61
53 59
2 21
66 64
16 51
9 16
100 47
69 62
78 33
81 70
57 32
9 2
80 53
34 8
93 74
74 52
91 40
78 91
77 47
29 35
42 18
47 79
88 31
4 7
17 70
32 51
87 95
71 22
53 84
74 63
6 46
98 76
14 100
45 48
77 44
9 7
59 66
25 65
51 59
30 76
22 87
95 15
64 67
17 32
85 14
53 93
1 61
42 57
9 45
29 27
18 55
65 28
6 5
34 65
89 58
96 33
36 24
73 43
63 7
61 1
14 22
100 31
42 26
63 92
2 5
41 88
6 92
20 36
43 14
86 59
85 15
82 1
6 3
6 58
43 75
70 55
86 69
91 3
62 53
41 61
70 82
17 9
1 10
77 30
46 20
62 22
7 75
61 50
74 48
97 90
61 67
50 6
27 64
8 26
8 7
16 89
79 38
26 24
92 52
69 49
70 52
45 61
83 81
44 98
4 50
95 82
16 84
84 23
54 64
62 62
2 10
82 59
68 11
22 5
83 65
8 86
39 86
54 19
20 93
97 42
5 24
24 69
43 85
8 7
63 16
3 89
94 69
78 98
12 25
69 89
50 78
76 74
11 27
6 39
9 8
14 1
24 69
13 81
77 2
5 7
81 40
31 81
40 98
41 32
59 99
74 41
21 40
10 31
83 1
15 19
75 17
50 38
2 6
52 76
54 52
63 0
9 50
76 9
62 12
43 81
6 71
8 8
27 92
42 98
20 32
59 0
34 34
59 83
42 39
68 25
90 45
77 9
23 51
54 71
39 75
81 64
70 77
11 21
9 2
16 15
48 59
74 91
87 65
46 79
27 41
26 95
90 27
83 100
96 4
2 73
8 5
75 40
23 72
49 99
81 4
70 91
2 81
59 0
18 97
29 6
90 79
92 96
10 13
24 20
2 8
58 52
93 25
62 68
19 52
10 2
13 62
52 47
36 84
57 32
26 85
1 6
79 79
18 73
66 35
99 80
68 35
10 30
43 60
8 6
16 21
3 94
72 71
96 58
48 69
88 9
77 65
41 71
38 4
72 21
11 78
51 34
22 4
58 38
4 4
12 70
80 13
41 50
42 84
21 24
32 11
93 33
15 16
9 3
28 80
11 66
36 53
21 76
87 42
88 44
23 39
94 83
71 48
11 14
26 27
92 83
4 5
6 70
42 56
84 47
41 77
81 0
74 44
66 59
62 19
59 11
5 6
20 67
78 28
36 96
6 40
1 86
83 83
94 58
9 29
6 62
78 64
55 53
2 2
18 33
16 30
19 60
43 75
8 5
86 60
11 14
43 60
13 31
76 95
63 32
18 19
27 25
29 38
95 15
42 94
45 15
55 48
4 2
31 71
62 0
40 80
99 37
84 44
93 83
8 3
26 92
33 47
67 45
57 11
49 43
71 63
23 70
14 82
10 42
50 87
62 67
7 9
43 66
65 58
79 30
100 41
71 86
25 5
68 55
83 10
74 86
40 76
56 99
25 62
32 14
21 62
83 53
12 72
6 3
17 57
94 19
35 96
17 7
31 47
1 71
84 9
71 93
64 78
10 3
42 13
93 37
0 4
49 96
22 23
44 43
62 66
71 90
34 93
30 88
3 24
17 51
55 95
10 8
46 19
67 41
44 62
81 13
82 3
28 48
52 76
0 69
95 84
61 28
50 16
66 49
78 51
47 45
22 94
15 47
46 6
5 31
9 6
14 13
52 7
1 49
59 28
38 96
61 66
39 33
92 61
42 92
82 38
92 33
94 60
51 99
42 55
19 4
9 4
53 32
33 67
44 53
57 40
91 73
17 19
42 8
25 38
12 93
1 75
27 33
82 84
99 7
9 2
77 44
59 97
56 24
67 86
51 41
86 66
79 23
38 7
24 62
18 77
83 3
6 7
47 42
93 46
89 77
30 18
35 49
50 36
36 18
73 67
29 19
54 29
3 39
16 22
74 65
10 2
76 62
56 13
57 94
39 90
82 36
21 37
34 53
100 72
39 42
60 2
74 33
11 90
8 2
38 66
91 3
82 17
31 54
30 40
25 12
91 89
7 62
57 70
51 27
8 7
83 100
25 50
32 9
50 95
100 83
55 49
61 46
80 3
6 6
37 91
87 21
51 22
83 76
11 79
62 42
5 6
16 34
16 17
43 44
37 98
87 69
98 11
21 80
96 77
85 80
63 31
66 43
5 5
63 27
83 48
75 19
9 3
29 66
25 56
30 2
56 68
56 30
49 79
10 3
76 14
92 46
59 4
98 67
14 16
7 43
68 29
3 30
37 66
51 31
27 50
50 45
100 59
2 8
20 82
75 29
44 44
50 68
17 8
32 8
77 82
15 97
100 56
52 64
8 3
29 81
58 41
85 44
3 2
4 23
15 97
0 41
62 67
43 99
2 53
85 1
3 2
83 98
43 9
79 31
8 62
22 76
7 4
95 81
17 46
25 99
16 41
61 9
74 18
19 16
39 91
58 66
91 84
24 4
8 7
58 39
63 99
76 9
80 25
66 90
8 97
9 73
11 26
99 95
49 66
34 58
33 58
13 47
17 79
30 66
3 8
89 54
72 53
7 58
36 38
52 89
15 26
31 38
30 49
63 20
59 31
49 36
9 4
33 0
16 2
73 15
41 17
82 39
35 46
100 57
24 89
9 9
72 14
4 63
56 89
45 35
6 10
60 25
45 5
18 93
8 60
74 63
46 90
30 29
36 75
29 59
78 30
5 80
69 54
22 2
53 12
100 65
31 63
9 6
6 70
24 71
57 61
86 85
57 32
19 92
100 21
81 21
52 25
44 93
97 56
99 99
87 98
91 91
79 77
1 5
30 75
50 42
57 70
36 64
29 71
48 75
3 5
67 100
64 45
50 23
53 18
87 56
94 6
12 32
10 77
4 3
22 16
72 38
19 37
45 99
79 78
92 14
66 84
8 8
87 16
96 2
36 38
61 77
79 1
92 24
4 88
80 15
97 48
42 15
30 95
64 40
96 7
30 71
34 93
20 33
6 7
96 79
44 80
80 84
26 35
22 4
83 36
31 80
16 45
96 48
52 89
73 0
12 46
75 53
6 8
33 89
99 11
12 19
42 14
27 53
91 94
32 52
45 55
62 52
72 61
28 67
76 9
46 28
9 8
8 7
73 16
35 17
13 66
67 17
7 63
37 34
34 63
45 99
24 15
2 44
42 84
35 94
51 1
71 79
45 28
9 6
92 24
1 6
52 44
2 24
68 7
94 99
61 72
42 79
80 66
38 19
52 76
48 59
49 19
71 41
54 63
6 4
32 89
37 50
48 42
42 32
12 60
82 28
66 9
12 80
40 50
56 51
8 4
0 70
10 97
78 95
78 7
36 0
38 19
0 39
51 92
26 71
89 78
31 35
18 47
6 10
86 57
81 1
69 69
92 16
13 51
3 66
79 36
61 61
55 60
6 73
73 83
67 58
52 10
38 75
36 72
22 53
9 5
71 22
43 8
2 89
44 61
67 82
15 20
63 53
82 10
26 22
69 43
0 5
4 51
29 2
13 61
5 7
91 73
26 70
74 87
79 64
38 9
100 95
16 83
64 15
15 54
28 79
2 7
40 25
10 5
82 60
50 59
12 21
97 10
84 14
80 12
32 50
47 7
79 64
12 14
85 29
49 71
15 35
32 66
77 19
10 2
8 61
88 18
37 37
33 21
77 69
62 8
95 17
33 33
17 4
50 58
15 71
79 39
3 6
82 26
53 13
45 80
31 85
26 51
98 0
75 1
71 48
13 8
10 4
34 52
70 32
32 88
68 36
31 18
0 15
60 56
74 26
13 14
2 24
5 44
4 54
99 92
56 67
6 5
86 68
2 2
45 62
96 2
4 68
46 99
80 40
13 61
92 67
7 47
15 89
7 5
12 84
94 62
16 78
7 4
19 69
5 56
4 36
58 36
17 56
19 89
92 69
62 94
2 8
72 8
14 80
24 83
78 100
48 5
83 71
15 92
67 36
48 35
40 3
8 4
9 18
19 25
58 75
55 17
96 12
30 17
21 69
60 15
71 46
95 4
6 93
61 57
7 8
12 1
60 13
86 62
32 79
30 2
91 22
70 46
38 24
0 29
30 98
35 77
93 38
55 10
92 79
86 81
10 7
96 88
81 10
54 12
22 67
12 41
0 84
55 76
59 21
37 42
75 23
43 15
45 90
43 59
88 50
28 50
65 64
11 63
7 4
19 82
35 1
62 98
57 3
61 93
87 66
80 4
2 84
71 69
53 36
33 13
8 3
45 67
41 54
93 11
46 38
66 85
99 15
38 34
38 78
40 7
72 50
28 92
8 4
43 71
10 91
64 59
22 73
89 87
26 36
11 96
2 97
32 87
15 73
11 69
50 24
6 3
18 12
23 20
30 11
65 97
82 26
95 72
27 90
5 69
8 29
2 3
78 89
18 98
92 93
76 91
22 7
6 5
86 59
11 78
22 9
9 50
90 1
75 14
12 14
68 12
33 83
5 20
32 53
10 6
93 80
56 52
13 49
2 40
77 98
95 26
93 62
21 44
70 19
66 92
75 48
73 6
10 40
61 37
44 10
59 88
2 6
23 73
77 80
37 37
87 50
65 68
88 53
56 68
3 76
2 3
23 13
91 55
92 93
65 88
95 12
7 3
66 51
82 88
46 86
56 98
76 26
83 79
4 3
3 14
2 60
36 37
8 6
8 41
4 6
22 49
10 86
5 91
29 7
4 89
77 98
8 63
29 59
2 72
86 39
69 84
59 45
7 3
47 21
84 77
74 43
32 50
70 11
89 20
16 57
65 41
20 93
62 92
4 3
71 29
10 54
77 19
74 18
96 81
100 20
95 68
10 3
78 64
40 84
58 61
58 64
38 10
73 63
7 56
87 30
27 50
27 40
7 50
1 72
42 89
8 3
55 29
79 67
50 14
90 82
47 27
31 4
72 14
63 49
55 1
2 52
51 47
7 7
83 71
13 82
30 46
15 85
33 68
7 22
33 76
0 7
17 14
25 72
98 65
58 45
92 49
84 95
10 3
65 66
44 83
71 44
6 24
21 100
87 46
24 47
7 78
76 84
62 84
91 34
24 61
96 83
2 6
30 1
44 18
30 43
76 12
4 19
26 52
95 60
20 72
6 7
68 24
82 64
38 36
13 64
14 88
11 18
49 57
48 96
43 96
28 11
8 29
9 65
57 78
6 9
63 97
66 22
39 64
45 9
87 14
78 84
53 8
99 61
94 51
30 3
41 32
29 44
71 6
19 94
79 95
4 6
85 69
90 62
10 6
38 32
62 49
67 46
85 57
40 48
42 55
72 20
10 10
83 60
100 67
10 94
83 29
58 71
49 88
68 87
12 10
76 79
66 93
80 66
77 76
22 44
75 40
100 36
12 45
75 10
16 0
2 44
32 0
3 10
81 71
60 59
54 89
83 38
15 11
31 49
13 13
19 20
53 97
41 26
84 46
83 97
61 89
6 7
23 28
86 38
72 57
23 39
34 4
40 51
32 63
54 47
60 11
6 95
76 42
59 54
70 12
10 7
81 54
65 91
71 98
50 97
84 12
55 16
72 25
72 24
4 79
86 82
2 9
48 18
67 79
9 25
8 40
67 53
28 65
8 4
5 95
3 11
18 87
20 93
16 0
92 94
50 46
25 52
49 12
56 47
31 97
51 96
2 7
36 24
2 23
100 64
23 12
39 82
50 7
9 76
83 23
59 73
5 5
1 99
5 78
87 10
51 10
80 97
80 66
72 3
5 58
74 88
28 62
10 8
84 96
23 90
72 34
68 52
58 71
84 33
35 94
7 0
62 40
61 90
5 62
3 26
71 30
61 35
66 22
73 30
28 1
6 60
7 6
6 24
71 31
3 63
30 89
48 15
17 31
15 11
71 21
14 50
80 70
4 54
64 86
19 92
5 2
77 19
87 9
92 45
59 23
12 53
48 17
87 89
5 2
24 69
18 39
40 47
31 68
30 58
84 20
48 32
5 9
76 4
16 50
59 79
15 84
45 60
41 58
37 6
32 10
15 62
27 54
96 98
50 16
78 66
96 48
2 9
56 18
42 9
48 12
68 80
88 36
34 2
71 5
20 52
88 71
15 17
21 91
2 4
89 45
12 27
16 80
50 51
38 47
17 45
4 7
74 34
83 72
87 73
71 80
75 51
78 63
13 76
78 21
3 48
10 65
74 8
6 6
95 36
5 70
14 45
92 56
85 3
55 21
52 60
86 46
58 70
35 62
8 84
50 36
3 10
45 76
82 39
63 21
27 17
30 42
5 61
8 38
92 27
38 76
3 25
74 63
21 8
12 42
5 6
48 15
39 69
35 41
22 51
55 57
9 84
11 37
67 51
94 78
59 67
62 28
6 9
22 48
86 4
47 79
58 19
9 24
79 45
26 64
35 33
89 4
21 81
10 82
29 90
21 55
55 91
73 66
8 2
87 63
62 10
23 5
74 68
53 4
52 52
7 2
45 10
0 92
30 67
10 4
100 10
35 45
17 44
23 23
28 29
21 6
40 36
45 96
21 84
86 10
85 53
16 55
93 23
42 29
10 3
12 76
75 75
52 23
71 87
27 25
64 59
26 29
56 80
12 36
64 20
9 98
33 93
77 74
10 7
90 91
98 78
15 38
58 90
41 11
97 66
71 23
16 72
29 98
12 4
83 67
44 63
62 54
61 93
30 11
0 92
100 82
4 10
40 78
52 49
96 28
96 40
6 100
91 93
23 2
87 0
1 68
64 78
95 55
65 60
59 94
12 85
6 9
22 68
4 21
40 8
48 90
6 87
89 46
61 32
34 74
97 80
54 33
66 44
27 91
20 94
63 64
24 60
10 2
99 16
21 96
1 26
56 74
79 87
46 92
87 69
6 5
36 32
7 5
20 44
96 8
10 6
54 64
16 37
71 71
28 78
49 79
77 37
73 55
10 22
54 4
33 67
66 58
64 4
31 70
20 8
95 20
89 46
6 3
29 35
53 95
85 84
87 34
96 59
45 38
98 67
81 14
16 76
3 5
28 42
13 87
55 23
53 97
83 58
99 22
54 56
84 100
2 2
94 46
73 5
8 78
56 38
2 6
8 14
36 98
30 39
72 19
60 63
36 94
89 33
31 49
8 5
20 51
88 39
17 67
73 34
82 69
76 90
10 79
76 19
74 26
36 48
73 81
74 48
40 40
10 7
83 70
22 13
62 14
47 95
1 33
54 79
58 64
75 89
85 7
52 18
39 23
96 2
85 98
65 35
99 48
44 76
33 62
6 4
71 58
13 75
29 79
25 95
11 31
74 79
73 20
55 74
93 93
44 82
7 4
29 57
70 26
11 46
40 83
14 45
42 79
36 29
75 28
29 15
46 11
89 80
4 10
58 68
59 57
20 25
29 77
27 11
48 90
24 28
9 93
3 89
97 64
33 50
45 10
49 94
5 70
9 8
94 36
15 73
43 32
70 12
20 37
79 80
65 40
63 32
28 83
67 2
65 16
55 71
2 80
11 16
94 39
14 65
82 92
8 2
60 9
61 30
24 21
33 25
1 80
66 89
86 48
74 77
42 57
50 12
1 6
62 16
71 4
21 51
0 47
46 49
74 86
33 12
8 7
84 77
59 28
34 43
69 16
1 50
5 94
25 9
23 21
9 4
76 6
2 85
14 26
95 17
86 3
1 99
9 5
14 53
97 87
59 85
68 70
42 69
100 92
40 69
65 4
30 54
5 22
80 38
47 59
10 20
32 79
7 4
7 34
76 42
26 40
50 50
51 62
98 92
16 15
51 56
49 25
48 7
59 76
2 8
7 23
49 91
34 48
84 77
29 58
55 15
12 31
19 47
80 71
90 8
6 7
62 11
94 39
83 10
50 56
4 65
47 88
15 48
33 14
30 7
13 34
26 41
59 66
17 1
5 7
13 47
33 15
24 79
52 57
22 50
41 85
92 32
48 94
98 90
40 35
19 98
64 16
3 3
62 83
37 87
28 11
14 0
43 59
32 94
9 4
67 97
34 9
90 44
84 30
61 30
47 94
21 88
70 48
27 15
31 40
57 73
13 87
25 86
7 2
81 53
36 36
84 54
69 96
80 86
81 37
30 20
50 13
79 1
2 6
68 30
38 98
22 8
44 59
58 74
27 66
53 66
47 97
4 8
95 55
77 25
55 73
67 55
90 84
3 82
68 70
30 37
25 45
86 30
86 90
55 99
10 7
23 18
20 65
5 30
95 100
87 56
12 74
20 46
30 63
32 18
52 2
54 29
64 29
6 100
84 75
98 62
43 24
0 38
8 5
88 38
24 22
94 64
93 36
78 75
77 22
48 57
57 93
91 75
47 91
65 28
56 99
69 13
2 10
100 27
3 21
83 51
17 32
88 29
20 63
89 69
100 15
28 6
63 87
65 28
94 59
3 8
52 95
24 59
36 45
3 16
8 20
56 94
89 60
39 41
54 75
55 14
38 7
4 10
0 97
98 61
2 58
38 23
37 59
28 64
31 37
96 26
35 5
59 81
24 65
53 84
42 56
51 13
4 7
16 43
50 85
0 13
24 76
0 70
62 8
8 57
15 44
15 90
73 15
55 89
4 7
31 5
81 10
11 10
91 5
82 27
68 34
91 62
7 85
25 8
24 14
19 92
3 5
67 23
8 75
5 15
78 15
29 55
70 89
71 72
74 43
7 5
17 23
21 79
95 62
9 84
70 42
93 66
42 96
42 92
49 87
78 76
94 22
14 62
3 7
63 27
41 18
45 44
32 95
76 76
15 89
94 57
15 28
7 35
78 98
7 5
73 78
66 87
18 46
85 57
59 64
74 66
62 44
50 67
67 19
33 19
60 62
18 4
3 6
56 14
98 67
99 73
10 68
51 63
69 21
45 79
81 14
47 26
5 6
38 25
46 70
13 66
41 37
73 52
27 89
29 76
54 11
6 51
49 26
31 40
2 3
46 56
98 80
74 12
72 46
66 91
8 8
67 2
61 31
59 68
62 30
40 66
40 8
34 50
77 78
61 24
17 25
62 56
69 77
86 9
79 94
90 24
59 75
2 8
15 39
63 26
98 16
71 16
37 91
59 42
97 81
3 31
19 23
40 28
9 8
42 39
48 13
92 16
31 13
3 34
18 21
72 83
6 39
31 4
56 60
25 1
14 54
50 69
4 57
23 45
26 65
78 12
6 10
22 14
36 27
85 98
32 50
60 98
14 13
34 56
7 18
55 36
30 22
62 6
56 36
23 12
16 25
26 82
11 15
4 7
26 22
84 90
36 37
73 23
47 48
27 27
4 53
30 83
59 26
34 49
61 21
3 5
23 49
30 37
69 64
27 71
27 47
65 62
67 55
45 8
9 6
64 76
28 0
89 87
10 76
26 3
11 69
48 15
13 4
81 45
15 26
84 81
7 85
5 89
71 59
39 33
3 2
17 72
24 35
7 79
5 36
56 45
9 5
6 18
35 85
64 68
25 33
82 30
82 25
90 91
10 33
42 15
61 18
51 91
55 29
100 51
13 83
6 7
5 17
44 64
42 61
88 31
64 27
90 24
44 80
60 61
53 89
76 19
16 80
39 13
56 6
8 4
35 31
85 53
63 90
17 82
7 29
61 12
64 74
87 18
59 58
22 89
65 52
19 68
2 8
97 28
34 8
36 4
96 47
80 78
60 93
28 85
65 16
28 15
38 24
6 8
2 39
33 7
96 7
74 92
4 4
5 82
54 51
72 66
78 87
56 75
31 60
68 85
88 59
18 34
5 9
4 27
21 75
15 20
5 0
89 71
48 65
39 14
76 78
2 22
30 82
29 75
83 49
69 65
69 47
2 4
72 90
15 74
63 71
20 85
38 88
43 100
3 1
21 60
18 94
97 91
94 3
2 3
13 5
15 100
57 88
66 46
75 47
4 9
87 25
9 27
59 52
7 10
41 0
86 2
13 12
54 59
88 81
64 4
20 6
91 82
39 23
8 8
93 44
84 92
47 31
41 11
6 41
73 70
38 65
2 2
2 37
31 10
75 99
68 43
7 32
44 41
69 69
51 0
4 6
91 30
33 20
24 56
9 13
0 59
45 41
22 100
55 90
44 80
27 86
3 4
13 52
30 39
67 13
91 70
67 11
66 69
88 0
6 7
75 78
17 97
19 20
73 61
84 5
17 60
34 74
42 16
66 49
15 44
10 51
68 69
94 73
2 7
93 4
48 56
93 41
40 100
33 66
64 30
88 0
58 71
67 89
9 2
73 4
22 25
56 75
50 26
6 32
82 29
50 90
78 43
43 100
23 84
31 11
3 3
98 1
1 95
76 49
16 10
18 37
57 18
5 8
68 40
58 7
0 6
79 28
0 32
92 71
8 6
25 37
98 50
34 77
17 94
85 12
77 0
6 8
89 69
4 88
100 23
6 52
50 42
20 11
43 28
35 25
76 71
60 3
83 45
73 46
64 57
42 80
8 7
59 81
35 95
9 10
96 46
24 73
43 6
55 83
33 24
79 96
64 45
70 5
15 60
48 90
15 15
89 21
6 8
2 12
39 23
11 47
23 76
3 91
47 96
35 92
55 63
75 8
34 88
13 58
83 53
28 95
37 68
6 8
70 59
99 41
47 19
95 85
75 56
13 45
21 41
47 86
11 79
20 90
38 5
0 59
33 37
95 84
3 3
40 1
17 90
29 81
87 67
49 16
27 34
7 3
51 88
23 52
72 5
11 92
27 99
70 43
18 62
70 92
98 93
84 31
4 8
28 83
6 69
91 62
42 85
42 81
59 15
80 15
72 16
52 14
11 13
90 53
64 77
3 7
61 14
76 52
50 7
83 71
31 8
24 29
34 69
35 64
28 33
31 28
4 3
86 32
37 53
18 15
75 15
17 80
28 70
22 0
2 4
10 41
85 50
55 77
30 38
79 16
49 31
10 10
16 39
65 3
66 42
33 17
24 4
76 46
89 90
98 17
20 15
36 1
67 97
83 10
4 61
53 44
23 24
19 59
85 75
14 90
75 46
90 14
3 2
72 77
47 73
4 67
62 93
62 76
10 9
6 71
56 36
95 68
0 65
45 29
9 1
96 75
28 85
100 78
9 53
11 34
8 56
55 64
83 23
62 88
8 10
10 22
65 39
21 68
4 7
57 78
43 94
16 46
19 73
59 47
60 77
78 81
51 44
33 54
82 79
86 7
6 7
18 10
46 99
71 29
91 6
63 76
5 88
47 19
9 78
4 86
94 97
23 3
81 71
33 11
7 9
16 14
65 99
74 68
65 8
4 18
27 77
77 36
86 60
58 30
62 32
15 65
70 5
46 18
21 7
66 27
68 1
8 7
86 47
83 95
95 83
98 19
42 22
100 68
69 55
34 81
80 90
3 56
23 81
50 35
95 25
69 13
84 76
4 6
20 82
89 73
84 55
32 59
38 17
44 43
8 88
63 12
90 80
27 85
7 6
46 36
90 14
20 84
33 34
88 39
31 20
3 51
75 98
74 36
13 40
41 87
76 10
88 11
9 9
20 85
67 81
64 61
87 46
41 59
11 22
2 65
93 28
14 3
96 21
100 44
29 15
59 13
45 41
61 68
69 94
95 2
71 25
2 9
44 54
58 73
73 33
69 10
12 87
14 4
48 92
42 53
56 70
37 19
18 10
10 5
71 12
24 9
55 68
38 24
58 18
44 72
98 60
80 21
97 67
2 57
19 95
19 40
46 93
84 60
88 100
8 3
62 48
61 83
37 49
25 90
5 19
64 18
13 90
85 78
69 100
8 19
43 32
4 6
56 16
19 3
58 1
33 72
70 63
73 52
7 53
98 58
42 88
86 87
3 6
38 38
5 13
53 8
41 8
93 54
66 2
31 95
91 94
20 94
3 7
58 57
44 15
17 67
12 23
32 43
53 11
47 65
86 57
68 84
43 45
4 2
82 96
63 66
10 47
23 75
11 98
9 9
3 2
49 34
50 74
81 8
33 98
32 61
9 7
26 3
37 23
98 11
66 7
44 7
80 84
27 39
87 76
57 37
32 40
46 86
41 69
55 29
17 30
99 80
35 97
7 6
40 52
50 27
99 34
78 64
98 70
1 1
52 10
25 5
10 41
55 4
31 82
3 30
17 27
10 7
79 18
12 47
52 77
31 32
70 25
6 21
86 65
32 67
13 16
39 79
83 75
47 34
13 59
17 89
67 50
28 51
2 99
7 10
75 94
21 63
63 77
29 79
34 36
44 2
86 20
96 72
83 34
27 21
15 12
61 35
12 11
25 34
2 93
99 59
35 76
4 3
64 10
4 70
17 58
27 19
43 65
24 12
86 43
6 3
68 16
87 12
85 89
29 75
21 28
10 59
86 48
15 75
50 3
4 10
8 95
66 32
10 93
27 19
21 10
100 30
52 13
34 41
26 65
1 19
62 89
26 18
92 9
65 48
2 5
9 23
76 92
81 60
56 85
19 70
92 45
62 3
6 4
12 27
49 61
51 13
4 16
21 65
43 69
64 88
54 30
47 37
31 86
7 5
29 69
18 35
20 81
69 11
12 42
23 86
90 86
27 40
35 36
57 98
89 100
20 80
8 7
56 89
68 61
56 15
39 41
45 52
47 57
41 15
74 29
50 82
57 29
88 52
31 73
23 53
27 92
68 93
6 7
86 80
19 26
59 82
98 57
77 29
93 35
37 11
19 4
10 83
25 88
54 93
13 9
44 77
10 4
31 60
48 60
45 66
49 37
79 95
85 97
6 66
91 24
81 8
83 67
48 3
41 79
57 65
100 70
4 7
54 28
60 57
85 80
2 11
85 87
39 15
50 100
87 33
44 84
47 9
29 100
4 9
18 11
65 5
64 8
6 43
61 63
41 23
71 29
25 63
55 82
81 5
70 23
81 37
89 16
7 3
18 97
43 0
39 80
2 18
55 28
72 98
39 71
80 98
44 92
76 61
10 8
57 43
15 86
95 7
21 18
11 67
29 53
87 30
39 85
60 7
2 2
94 60
79 22
84 6
99 8
90 42
39 65
88 8
31 84
10 5
72 39
49 67
91 83
26 27
2 28
49 79
2 37
30 5
81 100
47 63
90 27
54 22
91 82
96 66
96 71
8 8
97 82
57 99
29 12
78 19
12 25
37 43
7 96
22 75
86 7
60 18
19 48
53 89
95 42
98 31
12 60
25 10
3 5
57 9
36 34
35 56
61 70
9 93
9 45
58 82
42 58
10 2
22 77
76 57
2 2
31 27
37 23
96 57
19 23
44 46
66 32
99 89
47 49
86 64
4 2
7 96
18 78
30 20
66 33
46 12
34 76
9 5
4 60
99 3
76 54
66 48
35 33
84 85
59 62
5 55
28 38
13 27
28 24
97 40
78 50
71 15
3 7
1 99
12 13
27 99
82 40
23 50
90 87
8 46
95 50
68 85
7 13
8 8
49 41
4 55
60 15
40 95
1 62
32 15
93 55
46 9
12 34
74 85
1 28
81 64
62 12
39 69
58 0
12 14
9 7
0 5
63 25
58 21
57 89
33 19
63 63
72 76
51 28
14 69
50 36
29 48
35 48
34 58
70 74
55 70
50 81
3 8
33 84
91 28
67 30
45 57
6 26
72 2
75 16
7 30
50 3
25 61
86 12
9 6
1 57
11 33
66 97
7 12
83 52
5 55
11 20
60 87
57 59
64 7
30 39
23 48
87 17
25 74
100 5
5 6
41 92
20 45
73 76
73 29
42 32
9 52
55 83
95 10
22 46
7 96
2 78
8 4
50 20
11 50
34 78
72 99
78 10
47 82
73 55
43 96
75 94
67 78
86 54
24 8
10 8
82 57
44 37
10 89
39 37
71 71
93 70
33 74
17 14
92 65
76 49
37 53
21 67
74 6
90 69
42 21
2 28
27 82
92 30
2 4
25 96
0 39
30 75
11 20
15 21
28 25
5 5
10 99
18 23
79 63
60 64
92 82
77 18
46 57
79 15
34 34
52 13
7 10
61 29
56 44
71 96
18 36
45 75
47 19
49 28
43 74
40 57
54 30
53 96
43 2
74 79
80 50
97 1
87 38
77 64
2 10
36 18
47 82
77 30
61 97
49 98
69 42
82 44
29 21
53 46
23 0
31 84
19 96
8 4
83 8
69 87
91 51
1 17
91 2
72 51
34 19
34 90
81 14
66 49
48 42
69 80
7 6
92 76
49 73
59 12
56 89
12 93
44 2
32 67
75 0
26 90
89 80
86 13
82 7
20 76
4 10
98 11
81 63
37 51
33 91
98 9
90 30
57 91
44 23
2 57
39 33
50 12
84 13
43 81
16 10
4 4
78 64
66 7
60 13
10 39
53 62
83 25
86 94
47 44
6 7
5 90
24 39
28 49
18 49
46 87
11 63
80 20
34 59
70 45
89 59
16 69
85 37
23 33
8 2
74 66
9 54
99 59
70 92
84 0
15 33
0 68
37 71
79 85
64 81
10 8
68 38
28 13
72 81
83 73
13 40
89 26
16 84
55 99
7 70
38 61
22 25
83 27
75 22
80 10
98 56
17 52
88 17
57 54
4 9
38 4
67 85
45 12
22 41
17 58
34 58
100 10
10 36
61 34
89 75
100 72
16 68
65 3
2 3
36 5
39 44
55 24
44 87
42 39
3 2
95 48
59 34
64 45
57 8
6 6
3 5
12 27
10 95
82 96
78 52
59 1
21 4
20 85
63 14
4 3
63 100
39 30
69 26
34 33
55 10
37 12
79 33
7 10
54 70
74 2
90 49
90 76
23 79
27 42
0 74
91 12
100 26
41 44
64 39
21 17
88 23
53 18
43 17
59 55
72 20
8 10
93 5
78 63
49 21
11 73
22 67
28 32
84 55
50 37
12 82
54 9
23 98
62 94
56 48
90 80
53 93
70 86
14 56
15 62
9 5
13 99
80 13
95 41
62 22
79 3
100 31
90 19
12 62
83 49
21 8
43 32
91 84
26 4
22 19
4 3
98 20
85 43
44 98
34 22
17 36
9 94
60 22
10 1
100 0
31 30
42 13
15 63
89 55
24 29
11 46
0 14
10 39
96 56
96 67
2 3
3 25
9 97
68 27
19 48
68 66
6 2
28 87
40 36
11 64
89 82
17 1
62 17
6 65
81 13
6 2
41 74
82 47
25 20
97 93
9 76
88 4
98 23
50 36
7 8
42 56
85 58
19 46
36 78
20 3
74 13
55 90
55 8
100 46
42 70
57 27
8 66
24 72
37 63
69 78
5 10
68 18
61 36
76 90
55 66
5 4
6 95
33 62
26 19
16 31
1 54
79 53
68 50
16 7
74 29
94 100
8 4
60 94
23 37
43 12
90 6
63 40
66 82
61 18
60 26
83 62
66 94
9 86
14 50
7 3
36 30
30 27
0 38
30 32
20 28
81 95
38 74
17 42
72 99
93 64
8 3
57 21
24 4
97 28
64 78
73 95
52 27
43 4
2 86
90 22
44 37
52 52
6 10
28 88
12 84
32 20
26 87
43 73
64 80
1 80
37 26
84 99
33 88
69 46
94 26
0 29
94 89
66 68
70 91
6 3
3 71
86 8
75 26
41 0
40 60
81 8
30 74
16 73
13 29
6 7
1 78
98 27
37 28
11 73
76 26
26 100
44 62
24 97
15 39
94 85
37 22
11 77
61 41
2 8
42 17
52 44
66 96
61 76
14 65
15 13
17 53
40 52
88 2
26 100
7 7
75 3
92 37
11 46
60 34
79 85
94 83
39 89
99 25
87 11
33 72
39 70
38 36
63 30
29 49
9 2
89 78
2 56
38 97
89 28
29 14
67 50
10 63
45 82
71 43
27 87
13 38
8 3
21 33
5 6
58 94
59 2
7 13
9 53
7 91
97 2
23 17
51 29
19 38
9 5
25 13
87 8
73 61
93 42
68 10
62 56
89 30
20 72
26 24
67 40
49 7
11 89
47 77
8 47
5 8
82 47
65 81
96 46
20 85
40 91
100 20
16 46
60 26
91 51
52 22
37 26
6 40
29 76
7 8
35 59
64 94
1 44
60 82
28 42
39 100
15 6
11 29
49 12
61 58
91 63
76 71
54 67
52 25
93 84
6 10
93 7
72 2
0 91
6 74
50 1
53 95
90 33
2 36
17 66
100 70
98 14
57 56
16 83
57 20
49 27
50 92
7 5
73 53
11 12
21 46
48 58
93 50
27 79
61 64
37 48
53 95
97 82
18 35
62 81
2 1
31 0
33 21
30 70
7 4
77 76
14 88
1 71
79 85
10 90
38 41
72 36
91 17
8 79
79 34
27 78
10 10
33 9
87 20
53 33
11 24
91 53
51 73
6 51
78 50
68 29
14 36
38 50
6 92
48 20
44 17
75 100
28 13
72 19
31 75
70 87
15 71
4 2
54 11
70 4
83 13
68 67
52 17
91 13
4 5
86 61
11 17
69 50
92 28
83 80
26 3
38 18
41 38
94 74
10 6
57 41
26 32
7 93
59 54
24 82
59 39
21 78
61 44
85 41
63 84
72 54
63 57
87 95
83 57
92 48
55 40
1 10
25 29
72 64
47 47
33 26
86 60
70 84
39 28
38 66
82 82
22 37
25 68
3 8
99 88
81 85
45 91
11 11
76 80
95 85
20 70
83 11
0 70
80 4
96 43
3 3
46 62
24 35
96 16
2 5
56 75
30 23
9 6
94 26
84 39
60 42
10 83
49 92
17 12
94 6
32 75
42 49
83 36
9 12
22 9
74 41
51 24
81 55
