4 4
13 5
1 14
6 6
3 17
18 5
17 17
9 0
19 6
4 6
9 4
2 3
16 20
17 1
19 17
11 16
14 2
5 18
16 17
18 11
4 6
4 17
18 15
7 0
10 13
17 1
3 7
20 19
14 17
7 13
1 10
5 2
11 0
15 17
7 7
8 20
4 13
16 16
17 0
1 3
8 1
0 5
18 3
9 11
2 2
19 4
18 9
7 20
11 5
6 2
7 6
2 20
13 17
6 8
2 3
18 20
8 18
14 19
4 6
20 16
10 10
1 9
2 13
14 0
4 10
5 1
11 5
11 8
14 1
4 5
4 9
18 18
1 3
9 10
0 20
14 10
6 14
20 9
18 4
3 2
18 10
1 16
0 13
8 11
7 17
5 2
11 8
9 1
11 6
5 19
15 14
18 0
5 16
6 2
18 0
2 18
10 16
7 19
12 2
8 6
5 6
17 11
2 6
15 9
10 11
20 0
0 16
0 20
20 15
1 12
12 13
3 5
4 3
8 11
15 11
6 10
14 17
17 17
6 0
15 1
5 3
9 12
18 7
13 9
4 14
3 14
14 2
7 11
1 1
4 5
15 11
5 16
10 10
3 1
9 1
7 5
14 8
14 9
20 0
4 5
4 5
11 4
2 6
4 1
10 10
7 6
10 17
2 20
12 2
4 4
13 2
4 17
17 13
20 19
14 4
20 0
5 9
5 18
3 2
14 14
17 18
14 6
13 7
12 15
5 5
11 2
6 9
20 20
12 5
15 6
15 20
9 6
0 7
10 16
13 12
2 5
14 4
11 11
19 18
17 12
15 7
0 14
3 12
3 4
20 14
1 0
3 1
4 6
12 2
12 19
19 16
3 5
8 9
11 14
0 0
11 1
0 8
18 1
13 16
12 5
5 2
9 3
17 1
13 1
11 6
14 13
16 14
20 0
3 4
19 6
14 13
3 20
13 0
4 11
19 7
15 1
6 3
11 5
12 4
10 18
18 18
20 7
8 4
12 17
17 19
17 3
5 6
12 6
17 10
11 19
17 3
1 2
13 12
3 4
20 3
5 8
3 14
1 16
6 2
15 7
2 7
18 3
3 13
19 16
20 19
16 0
5 3
3 6
18 0
14 18
4 7
3 7
19 16
6 11
9 18
7 15
16 8
2 6
11 19
19 9
10 8
20 16
15 1
19 1
15 16
4 6
6 6
11 16
12 11
14 20
4 12
19 11
17 17
2 12
2 5
16 17
11 9
19 3
15 8
5 5
18 11
3 2
10 10
6 7
12 2
14 16
2 8
1 13
16 10
10 19
4 2
4 6
9 6
0 18
9 14
5 1
13 12
3 6
7 2
6 2
2 13
1 5
18 1
2 3
1 15
12 16
5 17
5 5
1 18
0 3
3 6
13 4
2 10
10 20
18 12
3 19
16 15
13 8
2 3
16 9
8 1
0 11
17 15
10 19
2 2
16 17
20 16
11 16
13 2
3 4
0 19
10 10
12 5
12 15
7 6
5 10
10 8
3 2
15 1
8 19
16 13
10 3
16 12
6 5
15 11
20 5
0 20
17 12
20 2
7 9
11 19
6 15
0 2
6 9
18 13
4 5
3 10
12 5
4 7
7 18
5 6
19 10
11 17
17 17
18 19
3 3
9 4
8 1
2 14
14 7
17 14
8 7
2 4
19 6
8 16
11 10
17 5
16 12
4 13
3 2
15 0
15 7
10 17
16 17
0 5
2 4
8 13
9 14
11 0
1 9
10 2
11 13
5 3
14 5
20 1
7 4
17 16
12 8
18 8
0 16
5 7
3 1
18 8
1 20
8 2
18 1
3 6
3 7
14 15
9 11
8 9
0 7
11 5
2 1
15 14
16 9
3 2
20 8
1 7
17 10
9 11
12 7
2 2
19 4
5 0
7 17
2 9
5 3
20 14
5 2
15 8
0 1
8 6
2 0
1 6
9 11
4 6
9 15
1 14
6 5
8 9
0 16
3 16
4 19
19 11
10 3
15 11
6 2
11 8
8 9
10 13
19 7
15 7
12 9
6 15
8 16
4 3
16 10
11 14
19 16
18 7
13 14
7 4
10 4
5 2
17 0
10 3
10 19
20 0
5 3
18 17
18 15
4 2
1 0
10 14
9 15
0 18
1 1
3 10
5 6
7 14
16 20
16 17
13 1
3 2
2 13
3 19
17 0
4 17
14 2
19 14
5 5
18 10
18 18
3 10
6 13
16 19
19 9
0 1
7 0
19 15
6 7
5 4
16 13
19 19
20 20
10 12
2 11
4 17
6 17
1 7
7 9
4 3
7 20
5 19
11 8
5 5
16 19
10 13
3 8
3 2
19 8
17 12
15 9
0 19
2 9
6 2
19 19
10 10
19 17
20 17
12 2
0 19
14 3
12 16
6 3
10 6
4 2
10 11
14 3
13 0
8 11
4 19
15 17
15 5
3 6
8 1
17 5
7 12
3 1
0 3
20 13
3 4
13 16
0 2
4 3
13 19
19 1
9 12
12 8
15 15
1 12
0 11
6 2
11 7
1 6
18 17
19 11
12 10
18 3
19 19
2 14
6 3
4 17
10 10
17 16
18 4
19 17
3 2
8 13
8 20
4 6
2 6
12 5
7 7
2 3
7 3
20 1
0 12
19 5
10 14
5 4
6 6
11 18
12 1
6 15
9 2
13 10
12 16
18 1
15 17
4 5
18 12
10 9
7 13
20 0
16 14
7 2
2 14
11 12
17 7
3 1
10 16
4 6
15 18
11 6
5 6
4 16
17 4
13 12
11 12
4 20
19 5
14 0
2 8
9 3
3 16
0 19
3 2
9 15
10 13
10 1
14 10
8 15
2 5
2 2
18 4
0 8
2 7
17 3
13 20
18 12
4 5
14 6
20 0
2 6
16 14
0 10
20 9
14 5
9 4
10 20
4 6
13 11
15 15
1 19
4 12
12 4
14 12
1 11
9 17
3 15
6 13
3 6
17 7
2 14
5 11
1 8
13 10
9 8
14 5
2 1
17 14
3 4
14 9
20 5
12 15
19 14
16 8
13 20
16 13
2 2
1 1
14 1
11 11
18 15
4 3
14 6
18 6
0 2
3 7
13 10
15 11
8 8
3 5
10 13
4 6
8 6
11 7
0 18
18 12
14 20
6 1
2 2
8 2
8 6
9 11
10 9
6 2
20 12
19 12
12 18
1 20
10 6
16 19
9 16
15 8
2 4
4 10
15 2
17 16
19 4
16 10
5 4
5 6
18 9
1 3
15 16
4 1
18 3
4 5
1 18
13 13
17 17
19 4
17 0
2 5
20 6
8 2
0 11
11 17
0 17
7 14
16 3
6 1
14 20
4 4
16 2
17 7
8 8
17 2
9 18
6 5
11 3
0 15
12 1
17 9
14 20
16 6
10 15
14 17
16 17
1 1
4 6
6 2
15 12
18 9
16 8
0 3
4 20
15 18
20 2
5 11
3 5
10 18
19 1
17 16
16 18
11 8
15 7
6 0
14 2
4 1
20 15
5 2
6 20
13 1
8 8
3 3
4 15
0 13
13 12
12 20
8 13
4 3
5 4
13 17
11 1
0 13
18 10
5 17
18 1
8 5
8 10
13 16
2 3
20 14
7 12
12 4
16 7
19 3
5 6
1 5
8 1
14 19
4 0
1 15
12 3
0 10
10 11
2 1
3 14
8 11
2 6
10 12
17 3
7 19
0 1
3 15
3 20
18 18
11 3
6 5
18 9
20 13
12 8
18 14
20 4
10 14
13 13
15 10
14 17
6 3
2 9
3 2
7 14
1 17
3 6
20 19
17 11
1 6
7 7
12 2
9 20
19 7
17 16
6 5
11 1
2 5
6 2
15 12
7 16
12 19
3 9
18 12
14 19
5 5
16 2
2 10
1 13
15 2
14 9
2 19
4 13
9 1
16 7
1 20
6 6
13 13
13 3
15 20
19 16
9 9
4 8
17 4
6 2
9 18
19 9
16 13
11 20
5 3
20 0
17 0
5 20
4 11
8 20
13 8
7 6
1 10
2 6
17 14
6 5
11 19
3 8
13 17
14 1
1 20
7 11
6 2
16 6
13 0
7 8
17 15
18 13
1 0
5 18
19 6
3 2
9 5
19 8
14 1
19 1
7 4
3 5
5 14
20 11
15 3
16 2
9 0
5 17
17 13
20 13
6 6
0 5
13 3
9 11
8 12
11 11
4 2
15 14
2 20
4 17
20 7
13 20
7 12
4 3
13 13
18 18
0 13
19 12
3 17
10 3
10 7
6 6
10 18
5 4
10 2
0 12
8 17
1 9
17 11
3 0
17 6
5 1
1 0
9 7
5 6
5 8
3 17
20 12
0 17
16 2
14 19
0 2
6 1
20 4
6 13
7 5
2 6
1 14
6 19
3 20
5 1
2 19
9 1
15 12
4 10
5 6
11 12
15 19
20 10
2 8
5 8
0 12
0 16
13 5
8 15
9 10
20 2
2 4
20 11
7 12
5 11
12 8
10 3
11 19
2 5
16 20
20 6
9 10
10 0
19 16
15 7
17 10
2 2
3 8
5 13
14 17
10 13
5 4
17 14
10 11
12 7
18 0
18 1
15 14
6 20
5 2
17 4
5 3
20 19
1 18
10 0
6 10
5 6
17 3
14 20
1 13
4 5
2 12
11 10
19 4
15 10
10 2
17 8
9 20
3 7
14 20
2 3
5 20
1 0
13 18
1 17
16 20
6 5
19 20
19 18
4 5
9 17
14 16
10 0
17 8
6 12
14 14
7 2
2 2
1 6
0 15
1 20
5 20
18 4
14 7
20 16
3 0
2 5
19 9
9 19
15 18
3 1
7 10
4 9
7 4
5 5
19 8
17 17
15 2
18 5
20 4
14 3
7 6
13 12
14 14
19 7
3 2
5 4
2 1
1 13
5 16
0 5
5 2
19 3
14 0
5 7
4 6
3 7
13 14
19 16
2 2
2 2
17 10
15 8
20 6
6 3
5 1
7 7
19 7
8 11
20 16
17 15
20 8
14 6
10 4
6 5
3 8
11 16
13 9
1 4
18 7
13 16
16 8
10 2
16 11
20 5
12 3
4 2
18 8
11 11
12 16
15 6
1 14
20 12
1 2
8 11
10 12
3 9
5 6
13 19
14 12
17 18
0 8
2 17
9 0
20 0
13 2
18 16
0 16
18 10
3 4
18 20
11 9
4 18
5 1
16 17
13 4
0 7
5 2
7 2
12 9
12 19
13 18
0 2
14 15
14 10
4 3
5 2
9 5
9 9
1 19
18 2
8 9
13 19
5 5
3 1
12 7
4 13
12 20
7 10
0 10
16 3
16 9
4 6
17 18
4 4
7 18
18 9
5 1
10 12
6 8
7 1
11 12
2 17
6 2
12 13
16 1
4 17
20 4
14 0
19 1
9 19
7 4
3 5
8 11
12 0
18 17
7 6
20 6
19 3
3 3
19 14
1 2
2 14
1 14
7 4
2 5
9 16
6 5
11 8
19 12
11 12
16 9
19 0
6 6
20 14
17 19
6 18
13 13
14 9
13 20
4 14
9 6
1 15
9 8
12 20
8 2
4 4
1 12
6 14
1 9
7 14
12 2
5 1
14 3
12 18
6 4
8 10
20 18
7 3
18 16
9 20
12 3
8 18
12 8
11 17
15 2
5 2
6 20
14 2
18 20
17 7
14 16
13 16
11 1
3 2
17 14
1 3
19 11
7 18
2 14
6 5
6 13
8 6
16 4
9 16
16 6
0 15
19 3
13 19
10 0
15 17
2 16
6 3
16 12
10 9
3 3
13 11
16 14
19 18
3 9
0 8
9 2
3 4
0 10
19 18
3 9
2 13
10 8
4 0
4 17
4 5
8 1
2 3
7 20
4 17
4 14
6 10
17 4
6 12
2 2
6 3
16 5
20 3
8 13
5 1
0 19
5 0
14 2
4 6
9 13
5 5
0 0
3 6
4 0
9 7
17 19
4 5
3 11
10 19
14 12
15 10
5 5
7 16
1 9
7 11
9 2
17 7
16 5
16 17
3 18
17 3
18 5
5 5
16 5
17 1
15 4
4 8
4 6
2 17
19 6
8 5
17 12
0 12
2 6
2 6
20 20
17 19
3 4
9 2
5 5
6 18
16 10
1 2
1 4
14 16
4 1
6 4
3 3
6 15
1 12
3 4
4 18
16 2
18 6
1 16
2 0
4 1
6 2
17 0
14 12
5 10
7 8
18 14
12 10
11 6
13 0
4 1
16 5
18 9
3 17
7 12
0 11
4 3
13 11
5 1
4 9
12 9
4 15
13 8
12 12
2 5
3 16
0 5
19 4
19 8
17 6
16 13
4 17
6 2
8 17
15 9
15 7
3 15
10 14
17 11
7 18
8 3
6 2
11 9
16 9
18 8
20 4
2 18
20 3
0 10
2 11
4 6
6 10
0 19
19 10
3 12
2 19
14 14
4 15
8 6
20 20
18 6
4 4
10 9
13 8
4 17
12 10
4 16
12 5
8 17
11 6
5 3
5 16
19 3
7 0
17 13
10 17
2 0
18 18
19 1
4 2
4 12
10 7
15 1
17 7
1 12
2 1
6 6
18 5
14 6
1 17
10 2
7 19
11 0
15 9
20 20
1 9
3 13
9 7
3 14
2 6
16 19
14 0
6 14
13 1
9 7
13 11
12 14
15 4
