[0][0][0][0][0][0][0][0][0][0][0][0][0][0][0][0][0][0][0][0][0][0][0][0][0][0][0][0][0][0][0][0][0][0][0][0][0][0][0][0][0][0][0][0][0][0][0][0][0][0][0][0][0][0][0][0][0][0][0][0][0]
[0][0][0][0][0][0][0][0][0][0][30][30][30][30][30][30][30][30][30][30][30][30][30][30][30][30][30][30][30][30][30][30][30][30][30][30][30][30][30][30][30][30][30][30][30][30][30][30][30][30][30][30][30][30][30][30][30][30][30][30][30]
[0][0][0][0][0][0][0][0][0][0][30][30][30][30][30][30][30][30][30][30][32][32][32][32][32][32][32][32][32][32][62][62][62][62][62][62][62][62][62][62][62][62][62][62][62][62][62][62][62][62][62][62][62][62][62][62][62][62][62][62][62]
[0][0][0][0][0][4][4][4][4][4][30][30][30][30][30][34][34][34][34][34][34][34][34][34][34][36][36][36][36][36][62][62][62][62][62][66][66][66][66][66][66][66][66][66][66][66][66][66][66][66][66][66][66][66][66][66][66][66][66][66][66]
[0][0][0][0][0][4][4][4][4][4][30][30][30][30][30][34][34][34][34][34][34][34][34][34][34][36][36][36][36][36][62][62][62][62][62][66][66][66][66][66][66][66][66][66][66][66][66][66][66][66][90][90][90][90][90][94][94][94][94][94][120]
[0][0][0][0][0][4][4][4][4][4][30][30][30][30][30][34][34][34][34][34][34][34][45][45][45][45][45][49][49][49][62][62][75][75][75][75][75][79][79][79][79][79][79][79][79][79][79][81][81][81][90][90][107][107][107][107][107][111][111][111][120]

[0][0][0][0][0][0][0][0][0][0][0][0][0][0][0][0][0][0][0][0][0][0][0][0][0][0][0][0][0][0][0][0][0][0][0][0][0][0][0][0][0][0][0][0][0][0][0][0][0][0][0][0][0][0][0][0][0][0][0][0][0]
[0][0][0][0][0][0][0][0][0][0][10][10][10][10][10][10][10][10][10][10][10][10][10][10][10][10][10][10][10][10][10][10][10][10][10][10][10][10][10][10][10][10][10][10][10][10][10][10][10][10][10][10][10][10][10][10][10][10][10][10][10]
[0][0][0][0][0][0][0][0][0][0][10][10][10][10][10][10][10][10][10][10][32][32][32][32][32][32][32][32][32][32][42][42][42][42][42][42][42][42][42][42][42][42][42][42][42][42][42][42][42][42][42][42][42][42][42][42][42][42][42][42][42]
[0][0][0][0][0][4][4][4][4][4][10][10][10][10][10][14][14][14][14][14][32][32][32][32][32][36][36][36][36][36][42][42][42][42][42][46][46][46][46][46][46][46][46][46][46][46][46][46][46][46][46][46][46][46][46][46][46][46][46][46][46]
[0][0][0][0][0][4][4][4][4][4][10][10][10][10][10][14][14][14][14][14][32][32][32][32][32][36][36][36][36][36][42][42][42][42][42][46][46][46][46][46][46][46][46][46][46][46][46][46][46][46][90][90][90][90][90][94][94][94][94][94][100]
[0][0][0][0][0][4][4][4][4][4][10][10][10][10][10][14][14][14][14][14][32][32][45][45][45][45][45][49][49][49][49][49][55][55][55][55][55][59][59][59][59][59][77][77][77][77][77][81][81][81][90][90][90][90][90][94][94][94][94][94][100]

